Results: 	[[0.6822], [0.7607], [0.7019], [0.6777], [0.6588], [0.7351]]	
Results: 	[[0.6822, 0.698], [0.7607, 0.7731], [0.7019, 0.7069], [0.6777, 0.6771], [0.6588, 0.6532], [0.7351, 0.7101]]	
Results: 	[[0.6822, 0.698, 0.7095], [0.7607, 0.7731, 0.7834], [0.7019, 0.7069, 0.7017], [0.6777, 0.6771, 0.6746], [0.6588, 0.6532, 0.6486], [0.7351, 0.7101, 0.7346]]	
Results: 	[[0.6822, 0.698, 0.7095, 0.705], [0.7607, 0.7731, 0.7834, 0.7578], [0.7019, 0.7069, 0.7017, 0.7005], [0.6777, 0.6771, 0.6746, 0.6953], [0.6588, 0.6532, 0.6486, 0.6638], [0.7351, 0.7101, 0.7346, 0.7407]]	
Results: 	[[0.6822, 0.698, 0.7095, 0.705, 0.7134], [0.7607, 0.7731, 0.7834, 0.7578, 0.7786], [0.7019, 0.7069, 0.7017, 0.7005, 0.7037], [0.6777, 0.6771, 0.6746, 0.6953, 0.672], [0.6588, 0.6532, 0.6486, 0.6638, 0.638], [0.7351, 0.7101, 0.7346, 0.7407, 0.6901]]	
Results: 	[[0.6822, 0.698, 0.7095, 0.705, 0.7134, 0.6951], [0.7607, 0.7731, 0.7834, 0.7578, 0.7786, 0.7681], [0.7019, 0.7069, 0.7017, 0.7005, 0.7037, 0.6956], [0.6777, 0.6771, 0.6746, 0.6953, 0.672, 0.6752], [0.6588, 0.6532, 0.6486, 0.6638, 0.638, 0.6533], [0.7351, 0.7101, 0.7346, 0.7407, 0.6901, 0.7285]]	
Results: 	[[0.6822, 0.698, 0.7095, 0.705, 0.7134, 0.6951, 0.7067], [0.7607, 0.7731, 0.7834, 0.7578, 0.7786, 0.7681, 0.7663], [0.7019, 0.7069, 0.7017, 0.7005, 0.7037, 0.6956, 0.7178], [0.6777, 0.6771, 0.6746, 0.6953, 0.672, 0.6752, 0.6923], [0.6588, 0.6532, 0.6486, 0.6638, 0.638, 0.6533, 0.6641], [0.7351, 0.7101, 0.7346, 0.7407, 0.6901, 0.7285, 0.7417]]	
Results: 	[[0.6822, 0.698, 0.7095, 0.705, 0.7134, 0.6951, 0.7067, 0.7061], [0.7607, 0.7731, 0.7834, 0.7578, 0.7786, 0.7681, 0.7663, 0.7651], [0.7019, 0.7069, 0.7017, 0.7005, 0.7037, 0.6956, 0.7178, 0.7028], [0.6777, 0.6771, 0.6746, 0.6953, 0.672, 0.6752, 0.6923, 0.676], [0.6588, 0.6532, 0.6486, 0.6638, 0.638, 0.6533, 0.6641, 0.6582], [0.7351, 0.7101, 0.7346, 0.7407, 0.6901, 0.7285, 0.7417, 0.7166]]	
Results: 	[[0.6822, 0.698, 0.7095, 0.705, 0.7134, 0.6951, 0.7067, 0.7061, 0.6913], [0.7607, 0.7731, 0.7834, 0.7578, 0.7786, 0.7681, 0.7663, 0.7651, 0.7624], [0.7019, 0.7069, 0.7017, 0.7005, 0.7037, 0.6956, 0.7178, 0.7028, 0.7082], [0.6777, 0.6771, 0.6746, 0.6953, 0.672, 0.6752, 0.6923, 0.676, 0.6737], [0.6588, 0.6532, 0.6486, 0.6638, 0.638, 0.6533, 0.6641, 0.6582, 0.6542], [0.7351, 0.7101, 0.7346, 0.7407, 0.6901, 0.7285, 0.7417, 0.7166, 0.7345]]	
Results: 	[[0.6822, 0.698, 0.7095, 0.705, 0.7134, 0.6951, 0.7067, 0.7061, 0.6913, 0.7001], [0.7607, 0.7731, 0.7834, 0.7578, 0.7786, 0.7681, 0.7663, 0.7651, 0.7624, 0.7668], [0.7019, 0.7069, 0.7017, 0.7005, 0.7037, 0.6956, 0.7178, 0.7028, 0.7082, 0.695], [0.6777, 0.6771, 0.6746, 0.6953, 0.672, 0.6752, 0.6923, 0.676, 0.6737, 0.7059], [0.6588, 0.6532, 0.6486, 0.6638, 0.638, 0.6533, 0.6641, 0.6582, 0.6542, 0.6511], [0.7351, 0.7101, 0.7346, 0.7407, 0.6901, 0.7285, 0.7417, 0.7166, 0.7345, 0.7193]]	
Results: 	[[0.6822, 0.698, 0.7095, 0.705, 0.7134, 0.6951, 0.7067, 0.7061, 0.6913, 0.7001, 0.7022], [0.7607, 0.7731, 0.7834, 0.7578, 0.7786, 0.7681, 0.7663, 0.7651, 0.7624, 0.7668, 0.7714], [0.7019, 0.7069, 0.7017, 0.7005, 0.7037, 0.6956, 0.7178, 0.7028, 0.7082, 0.695, 0.7018], [0.6777, 0.6771, 0.6746, 0.6953, 0.672, 0.6752, 0.6923, 0.676, 0.6737, 0.7059, 0.6797], [0.6588, 0.6532, 0.6486, 0.6638, 0.638, 0.6533, 0.6641, 0.6582, 0.6542, 0.6511, 0.6526], [0.7351, 0.7101, 0.7346, 0.7407, 0.6901, 0.7285, 0.7417, 0.7166, 0.7345, 0.7193, 0.7249]]	
Results: 	[[0.6822, 0.698, 0.7095, 0.705, 0.7134, 0.6951, 0.7067, 0.7061, 0.6913, 0.7001, 0.7022, 0.6654], [0.7607, 0.7731, 0.7834, 0.7578, 0.7786, 0.7681, 0.7663, 0.7651, 0.7624, 0.7668, 0.7714, 0.7729], [0.7019, 0.7069, 0.7017, 0.7005, 0.7037, 0.6956, 0.7178, 0.7028, 0.7082, 0.695, 0.7018, 0.6847], [0.6777, 0.6771, 0.6746, 0.6953, 0.672, 0.6752, 0.6923, 0.676, 0.6737, 0.7059, 0.6797, 0.6754], [0.6588, 0.6532, 0.6486, 0.6638, 0.638, 0.6533, 0.6641, 0.6582, 0.6542, 0.6511, 0.6526, 0.6507], [0.7351, 0.7101, 0.7346, 0.7407, 0.6901, 0.7285, 0.7417, 0.7166, 0.7345, 0.7193, 0.7249, 0.7284]]	
Results: 	[[0.6822, 0.698, 0.7095, 0.705, 0.7134, 0.6951, 0.7067, 0.7061, 0.6913, 0.7001, 0.7022, 0.6654, 0.6882], [0.7607, 0.7731, 0.7834, 0.7578, 0.7786, 0.7681, 0.7663, 0.7651, 0.7624, 0.7668, 0.7714, 0.7729, 0.752], [0.7019, 0.7069, 0.7017, 0.7005, 0.7037, 0.6956, 0.7178, 0.7028, 0.7082, 0.695, 0.7018, 0.6847, 0.7023], [0.6777, 0.6771, 0.6746, 0.6953, 0.672, 0.6752, 0.6923, 0.676, 0.6737, 0.7059, 0.6797, 0.6754, 0.6983], [0.6588, 0.6532, 0.6486, 0.6638, 0.638, 0.6533, 0.6641, 0.6582, 0.6542, 0.6511, 0.6526, 0.6507, 0.6498], [0.7351, 0.7101, 0.7346, 0.7407, 0.6901, 0.7285, 0.7417, 0.7166, 0.7345, 0.7193, 0.7249, 0.7284, 0.7317]]	
Results: 	[[0.6822, 0.698, 0.7095, 0.705, 0.7134, 0.6951, 0.7067, 0.7061, 0.6913, 0.7001, 0.7022, 0.6654, 0.6882, 0.6972], [0.7607, 0.7731, 0.7834, 0.7578, 0.7786, 0.7681, 0.7663, 0.7651, 0.7624, 0.7668, 0.7714, 0.7729, 0.752, 0.7576], [0.7019, 0.7069, 0.7017, 0.7005, 0.7037, 0.6956, 0.7178, 0.7028, 0.7082, 0.695, 0.7018, 0.6847, 0.7023, 0.7124], [0.6777, 0.6771, 0.6746, 0.6953, 0.672, 0.6752, 0.6923, 0.676, 0.6737, 0.7059, 0.6797, 0.6754, 0.6983, 0.6898], [0.6588, 0.6532, 0.6486, 0.6638, 0.638, 0.6533, 0.6641, 0.6582, 0.6542, 0.6511, 0.6526, 0.6507, 0.6498, 0.6431], [0.7351, 0.7101, 0.7346, 0.7407, 0.6901, 0.7285, 0.7417, 0.7166, 0.7345, 0.7193, 0.7249, 0.7284, 0.7317, 0.7014]]	
Results: 	[[0.6822, 0.698, 0.7095, 0.705, 0.7134, 0.6951, 0.7067, 0.7061, 0.6913, 0.7001, 0.7022, 0.6654, 0.6882, 0.6972, 0.7046], [0.7607, 0.7731, 0.7834, 0.7578, 0.7786, 0.7681, 0.7663, 0.7651, 0.7624, 0.7668, 0.7714, 0.7729, 0.752, 0.7576, 0.7794], [0.7019, 0.7069, 0.7017, 0.7005, 0.7037, 0.6956, 0.7178, 0.7028, 0.7082, 0.695, 0.7018, 0.6847, 0.7023, 0.7124, 0.6961], [0.6777, 0.6771, 0.6746, 0.6953, 0.672, 0.6752, 0.6923, 0.676, 0.6737, 0.7059, 0.6797, 0.6754, 0.6983, 0.6898, 0.6893], [0.6588, 0.6532, 0.6486, 0.6638, 0.638, 0.6533, 0.6641, 0.6582, 0.6542, 0.6511, 0.6526, 0.6507, 0.6498, 0.6431, 0.6501], [0.7351, 0.7101, 0.7346, 0.7407, 0.6901, 0.7285, 0.7417, 0.7166, 0.7345, 0.7193, 0.7249, 0.7284, 0.7317, 0.7014, 0.7356]]	
Results: 	[[0.6822, 0.698, 0.7095, 0.705, 0.7134, 0.6951, 0.7067, 0.7061, 0.6913, 0.7001, 0.7022, 0.6654, 0.6882, 0.6972, 0.7046, 0.6976], [0.7607, 0.7731, 0.7834, 0.7578, 0.7786, 0.7681, 0.7663, 0.7651, 0.7624, 0.7668, 0.7714, 0.7729, 0.752, 0.7576, 0.7794, 0.7719], [0.7019, 0.7069, 0.7017, 0.7005, 0.7037, 0.6956, 0.7178, 0.7028, 0.7082, 0.695, 0.7018, 0.6847, 0.7023, 0.7124, 0.6961, 0.7039], [0.6777, 0.6771, 0.6746, 0.6953, 0.672, 0.6752, 0.6923, 0.676, 0.6737, 0.7059, 0.6797, 0.6754, 0.6983, 0.6898, 0.6893, 0.6911], [0.6588, 0.6532, 0.6486, 0.6638, 0.638, 0.6533, 0.6641, 0.6582, 0.6542, 0.6511, 0.6526, 0.6507, 0.6498, 0.6431, 0.6501, 0.661], [0.7351, 0.7101, 0.7346, 0.7407, 0.6901, 0.7285, 0.7417, 0.7166, 0.7345, 0.7193, 0.7249, 0.7284, 0.7317, 0.7014, 0.7356, 0.7443]]	
Results: 	[[0.6822, 0.698, 0.7095, 0.705, 0.7134, 0.6951, 0.7067, 0.7061, 0.6913, 0.7001, 0.7022, 0.6654, 0.6882, 0.6972, 0.7046, 0.6976, 0.7022], [0.7607, 0.7731, 0.7834, 0.7578, 0.7786, 0.7681, 0.7663, 0.7651, 0.7624, 0.7668, 0.7714, 0.7729, 0.752, 0.7576, 0.7794, 0.7719, 0.7778], [0.7019, 0.7069, 0.7017, 0.7005, 0.7037, 0.6956, 0.7178, 0.7028, 0.7082, 0.695, 0.7018, 0.6847, 0.7023, 0.7124, 0.6961, 0.7039, 0.7003], [0.6777, 0.6771, 0.6746, 0.6953, 0.672, 0.6752, 0.6923, 0.676, 0.6737, 0.7059, 0.6797, 0.6754, 0.6983, 0.6898, 0.6893, 0.6911, 0.695], [0.6588, 0.6532, 0.6486, 0.6638, 0.638, 0.6533, 0.6641, 0.6582, 0.6542, 0.6511, 0.6526, 0.6507, 0.6498, 0.6431, 0.6501, 0.661, 0.6578], [0.7351, 0.7101, 0.7346, 0.7407, 0.6901, 0.7285, 0.7417, 0.7166, 0.7345, 0.7193, 0.7249, 0.7284, 0.7317, 0.7014, 0.7356, 0.7443, 0.7359]]	
Results: 	[[0.6822, 0.698, 0.7095, 0.705, 0.7134, 0.6951, 0.7067, 0.7061, 0.6913, 0.7001, 0.7022, 0.6654, 0.6882, 0.6972, 0.7046, 0.6976, 0.7022, 0.703], [0.7607, 0.7731, 0.7834, 0.7578, 0.7786, 0.7681, 0.7663, 0.7651, 0.7624, 0.7668, 0.7714, 0.7729, 0.752, 0.7576, 0.7794, 0.7719, 0.7778, 0.7677], [0.7019, 0.7069, 0.7017, 0.7005, 0.7037, 0.6956, 0.7178, 0.7028, 0.7082, 0.695, 0.7018, 0.6847, 0.7023, 0.7124, 0.6961, 0.7039, 0.7003, 0.7004], [0.6777, 0.6771, 0.6746, 0.6953, 0.672, 0.6752, 0.6923, 0.676, 0.6737, 0.7059, 0.6797, 0.6754, 0.6983, 0.6898, 0.6893, 0.6911, 0.695, 0.6744], [0.6588, 0.6532, 0.6486, 0.6638, 0.638, 0.6533, 0.6641, 0.6582, 0.6542, 0.6511, 0.6526, 0.6507, 0.6498, 0.6431, 0.6501, 0.661, 0.6578, 0.6631], [0.7351, 0.7101, 0.7346, 0.7407, 0.6901, 0.7285, 0.7417, 0.7166, 0.7345, 0.7193, 0.7249, 0.7284, 0.7317, 0.7014, 0.7356, 0.7443, 0.7359, 0.7018]]	
Results: 	[[0.6822, 0.698, 0.7095, 0.705, 0.7134, 0.6951, 0.7067, 0.7061, 0.6913, 0.7001, 0.7022, 0.6654, 0.6882, 0.6972, 0.7046, 0.6976, 0.7022, 0.703, 0.7022], [0.7607, 0.7731, 0.7834, 0.7578, 0.7786, 0.7681, 0.7663, 0.7651, 0.7624, 0.7668, 0.7714, 0.7729, 0.752, 0.7576, 0.7794, 0.7719, 0.7778, 0.7677, 0.7697], [0.7019, 0.7069, 0.7017, 0.7005, 0.7037, 0.6956, 0.7178, 0.7028, 0.7082, 0.695, 0.7018, 0.6847, 0.7023, 0.7124, 0.6961, 0.7039, 0.7003, 0.7004, 0.7051], [0.6777, 0.6771, 0.6746, 0.6953, 0.672, 0.6752, 0.6923, 0.676, 0.6737, 0.7059, 0.6797, 0.6754, 0.6983, 0.6898, 0.6893, 0.6911, 0.695, 0.6744, 0.6955], [0.6588, 0.6532, 0.6486, 0.6638, 0.638, 0.6533, 0.6641, 0.6582, 0.6542, 0.6511, 0.6526, 0.6507, 0.6498, 0.6431, 0.6501, 0.661, 0.6578, 0.6631, 0.646], [0.7351, 0.7101, 0.7346, 0.7407, 0.6901, 0.7285, 0.7417, 0.7166, 0.7345, 0.7193, 0.7249, 0.7284, 0.7317, 0.7014, 0.7356, 0.7443, 0.7359, 0.7018, 0.7245]]	
Results: 	[[0.6822, 0.698, 0.7095, 0.705, 0.7134, 0.6951, 0.7067, 0.7061, 0.6913, 0.7001, 0.7022, 0.6654, 0.6882, 0.6972, 0.7046, 0.6976, 0.7022, 0.703, 0.7022, 0.6971], [0.7607, 0.7731, 0.7834, 0.7578, 0.7786, 0.7681, 0.7663, 0.7651, 0.7624, 0.7668, 0.7714, 0.7729, 0.752, 0.7576, 0.7794, 0.7719, 0.7778, 0.7677, 0.7697, 0.7554], [0.7019, 0.7069, 0.7017, 0.7005, 0.7037, 0.6956, 0.7178, 0.7028, 0.7082, 0.695, 0.7018, 0.6847, 0.7023, 0.7124, 0.6961, 0.7039, 0.7003, 0.7004, 0.7051, 0.6964], [0.6777, 0.6771, 0.6746, 0.6953, 0.672, 0.6752, 0.6923, 0.676, 0.6737, 0.7059, 0.6797, 0.6754, 0.6983, 0.6898, 0.6893, 0.6911, 0.695, 0.6744, 0.6955, 0.6799], [0.6588, 0.6532, 0.6486, 0.6638, 0.638, 0.6533, 0.6641, 0.6582, 0.6542, 0.6511, 0.6526, 0.6507, 0.6498, 0.6431, 0.6501, 0.661, 0.6578, 0.6631, 0.646, 0.652], [0.7351, 0.7101, 0.7346, 0.7407, 0.6901, 0.7285, 0.7417, 0.7166, 0.7345, 0.7193, 0.7249, 0.7284, 0.7317, 0.7014, 0.7356, 0.7443, 0.7359, 0.7018, 0.7245, 0.7338]]	
Results: 	[[0.6822, 0.698, 0.7095, 0.705, 0.7134, 0.6951, 0.7067, 0.7061, 0.6913, 0.7001, 0.7022, 0.6654, 0.6882, 0.6972, 0.7046, 0.6976, 0.7022, 0.703, 0.7022, 0.6971, 0.6958], [0.7607, 0.7731, 0.7834, 0.7578, 0.7786, 0.7681, 0.7663, 0.7651, 0.7624, 0.7668, 0.7714, 0.7729, 0.752, 0.7576, 0.7794, 0.7719, 0.7778, 0.7677, 0.7697, 0.7554, 0.7617], [0.7019, 0.7069, 0.7017, 0.7005, 0.7037, 0.6956, 0.7178, 0.7028, 0.7082, 0.695, 0.7018, 0.6847, 0.7023, 0.7124, 0.6961, 0.7039, 0.7003, 0.7004, 0.7051, 0.6964, 0.6883], [0.6777, 0.6771, 0.6746, 0.6953, 0.672, 0.6752, 0.6923, 0.676, 0.6737, 0.7059, 0.6797, 0.6754, 0.6983, 0.6898, 0.6893, 0.6911, 0.695, 0.6744, 0.6955, 0.6799, 0.6903], [0.6588, 0.6532, 0.6486, 0.6638, 0.638, 0.6533, 0.6641, 0.6582, 0.6542, 0.6511, 0.6526, 0.6507, 0.6498, 0.6431, 0.6501, 0.661, 0.6578, 0.6631, 0.646, 0.652, 0.6469], [0.7351, 0.7101, 0.7346, 0.7407, 0.6901, 0.7285, 0.7417, 0.7166, 0.7345, 0.7193, 0.7249, 0.7284, 0.7317, 0.7014, 0.7356, 0.7443, 0.7359, 0.7018, 0.7245, 0.7338, 0.7347]]	
Results: 	[[0.6822, 0.698, 0.7095, 0.705, 0.7134, 0.6951, 0.7067, 0.7061, 0.6913, 0.7001, 0.7022, 0.6654, 0.6882, 0.6972, 0.7046, 0.6976, 0.7022, 0.703, 0.7022, 0.6971, 0.6958, 0.7002], [0.7607, 0.7731, 0.7834, 0.7578, 0.7786, 0.7681, 0.7663, 0.7651, 0.7624, 0.7668, 0.7714, 0.7729, 0.752, 0.7576, 0.7794, 0.7719, 0.7778, 0.7677, 0.7697, 0.7554, 0.7617, 0.7688], [0.7019, 0.7069, 0.7017, 0.7005, 0.7037, 0.6956, 0.7178, 0.7028, 0.7082, 0.695, 0.7018, 0.6847, 0.7023, 0.7124, 0.6961, 0.7039, 0.7003, 0.7004, 0.7051, 0.6964, 0.6883, 0.6982], [0.6777, 0.6771, 0.6746, 0.6953, 0.672, 0.6752, 0.6923, 0.676, 0.6737, 0.7059, 0.6797, 0.6754, 0.6983, 0.6898, 0.6893, 0.6911, 0.695, 0.6744, 0.6955, 0.6799, 0.6903, 0.6719], [0.6588, 0.6532, 0.6486, 0.6638, 0.638, 0.6533, 0.6641, 0.6582, 0.6542, 0.6511, 0.6526, 0.6507, 0.6498, 0.6431, 0.6501, 0.661, 0.6578, 0.6631, 0.646, 0.652, 0.6469, 0.6652], [0.7351, 0.7101, 0.7346, 0.7407, 0.6901, 0.7285, 0.7417, 0.7166, 0.7345, 0.7193, 0.7249, 0.7284, 0.7317, 0.7014, 0.7356, 0.7443, 0.7359, 0.7018, 0.7245, 0.7338, 0.7347, 0.7366]]	
Results: 	[[0.6822, 0.698, 0.7095, 0.705, 0.7134, 0.6951, 0.7067, 0.7061, 0.6913, 0.7001, 0.7022, 0.6654, 0.6882, 0.6972, 0.7046, 0.6976, 0.7022, 0.703, 0.7022, 0.6971, 0.6958, 0.7002, 0.7032], [0.7607, 0.7731, 0.7834, 0.7578, 0.7786, 0.7681, 0.7663, 0.7651, 0.7624, 0.7668, 0.7714, 0.7729, 0.752, 0.7576, 0.7794, 0.7719, 0.7778, 0.7677, 0.7697, 0.7554, 0.7617, 0.7688, 0.7706], [0.7019, 0.7069, 0.7017, 0.7005, 0.7037, 0.6956, 0.7178, 0.7028, 0.7082, 0.695, 0.7018, 0.6847, 0.7023, 0.7124, 0.6961, 0.7039, 0.7003, 0.7004, 0.7051, 0.6964, 0.6883, 0.6982, 0.6961], [0.6777, 0.6771, 0.6746, 0.6953, 0.672, 0.6752, 0.6923, 0.676, 0.6737, 0.7059, 0.6797, 0.6754, 0.6983, 0.6898, 0.6893, 0.6911, 0.695, 0.6744, 0.6955, 0.6799, 0.6903, 0.6719, 0.695], [0.6588, 0.6532, 0.6486, 0.6638, 0.638, 0.6533, 0.6641, 0.6582, 0.6542, 0.6511, 0.6526, 0.6507, 0.6498, 0.6431, 0.6501, 0.661, 0.6578, 0.6631, 0.646, 0.652, 0.6469, 0.6652, 0.6526], [0.7351, 0.7101, 0.7346, 0.7407, 0.6901, 0.7285, 0.7417, 0.7166, 0.7345, 0.7193, 0.7249, 0.7284, 0.7317, 0.7014, 0.7356, 0.7443, 0.7359, 0.7018, 0.7245, 0.7338, 0.7347, 0.7366, 0.7266]]	
Results: 	[[0.6822, 0.698, 0.7095, 0.705, 0.7134, 0.6951, 0.7067, 0.7061, 0.6913, 0.7001, 0.7022, 0.6654, 0.6882, 0.6972, 0.7046, 0.6976, 0.7022, 0.703, 0.7022, 0.6971, 0.6958, 0.7002, 0.7032, 0.7028], [0.7607, 0.7731, 0.7834, 0.7578, 0.7786, 0.7681, 0.7663, 0.7651, 0.7624, 0.7668, 0.7714, 0.7729, 0.752, 0.7576, 0.7794, 0.7719, 0.7778, 0.7677, 0.7697, 0.7554, 0.7617, 0.7688, 0.7706, 0.7669], [0.7019, 0.7069, 0.7017, 0.7005, 0.7037, 0.6956, 0.7178, 0.7028, 0.7082, 0.695, 0.7018, 0.6847, 0.7023, 0.7124, 0.6961, 0.7039, 0.7003, 0.7004, 0.7051, 0.6964, 0.6883, 0.6982, 0.6961, 0.7085], [0.6777, 0.6771, 0.6746, 0.6953, 0.672, 0.6752, 0.6923, 0.676, 0.6737, 0.7059, 0.6797, 0.6754, 0.6983, 0.6898, 0.6893, 0.6911, 0.695, 0.6744, 0.6955, 0.6799, 0.6903, 0.6719, 0.695, 0.6793], [0.6588, 0.6532, 0.6486, 0.6638, 0.638, 0.6533, 0.6641, 0.6582, 0.6542, 0.6511, 0.6526, 0.6507, 0.6498, 0.6431, 0.6501, 0.661, 0.6578, 0.6631, 0.646, 0.652, 0.6469, 0.6652, 0.6526, 0.6567], [0.7351, 0.7101, 0.7346, 0.7407, 0.6901, 0.7285, 0.7417, 0.7166, 0.7345, 0.7193, 0.7249, 0.7284, 0.7317, 0.7014, 0.7356, 0.7443, 0.7359, 0.7018, 0.7245, 0.7338, 0.7347, 0.7366, 0.7266, 0.729]]	
Results: 	[[0.6822, 0.698, 0.7095, 0.705, 0.7134, 0.6951, 0.7067, 0.7061, 0.6913, 0.7001, 0.7022, 0.6654, 0.6882, 0.6972, 0.7046, 0.6976, 0.7022, 0.703, 0.7022, 0.6971, 0.6958, 0.7002, 0.7032, 0.7028, 0.6936], [0.7607, 0.7731, 0.7834, 0.7578, 0.7786, 0.7681, 0.7663, 0.7651, 0.7624, 0.7668, 0.7714, 0.7729, 0.752, 0.7576, 0.7794, 0.7719, 0.7778, 0.7677, 0.7697, 0.7554, 0.7617, 0.7688, 0.7706, 0.7669, 0.7703], [0.7019, 0.7069, 0.7017, 0.7005, 0.7037, 0.6956, 0.7178, 0.7028, 0.7082, 0.695, 0.7018, 0.6847, 0.7023, 0.7124, 0.6961, 0.7039, 0.7003, 0.7004, 0.7051, 0.6964, 0.6883, 0.6982, 0.6961, 0.7085, 0.7036], [0.6777, 0.6771, 0.6746, 0.6953, 0.672, 0.6752, 0.6923, 0.676, 0.6737, 0.7059, 0.6797, 0.6754, 0.6983, 0.6898, 0.6893, 0.6911, 0.695, 0.6744, 0.6955, 0.6799, 0.6903, 0.6719, 0.695, 0.6793, 0.6912], [0.6588, 0.6532, 0.6486, 0.6638, 0.638, 0.6533, 0.6641, 0.6582, 0.6542, 0.6511, 0.6526, 0.6507, 0.6498, 0.6431, 0.6501, 0.661, 0.6578, 0.6631, 0.646, 0.652, 0.6469, 0.6652, 0.6526, 0.6567, 0.6569], [0.7351, 0.7101, 0.7346, 0.7407, 0.6901, 0.7285, 0.7417, 0.7166, 0.7345, 0.7193, 0.7249, 0.7284, 0.7317, 0.7014, 0.7356, 0.7443, 0.7359, 0.7018, 0.7245, 0.7338, 0.7347, 0.7366, 0.7266, 0.729, 0.7299]]	
Results: 	[[0.6822, 0.698, 0.7095, 0.705, 0.7134, 0.6951, 0.7067, 0.7061, 0.6913, 0.7001, 0.7022, 0.6654, 0.6882, 0.6972, 0.7046, 0.6976, 0.7022, 0.703, 0.7022, 0.6971, 0.6958, 0.7002, 0.7032, 0.7028, 0.6936, 0.7074], [0.7607, 0.7731, 0.7834, 0.7578, 0.7786, 0.7681, 0.7663, 0.7651, 0.7624, 0.7668, 0.7714, 0.7729, 0.752, 0.7576, 0.7794, 0.7719, 0.7778, 0.7677, 0.7697, 0.7554, 0.7617, 0.7688, 0.7706, 0.7669, 0.7703, 0.7703], [0.7019, 0.7069, 0.7017, 0.7005, 0.7037, 0.6956, 0.7178, 0.7028, 0.7082, 0.695, 0.7018, 0.6847, 0.7023, 0.7124, 0.6961, 0.7039, 0.7003, 0.7004, 0.7051, 0.6964, 0.6883, 0.6982, 0.6961, 0.7085, 0.7036, 0.7039], [0.6777, 0.6771, 0.6746, 0.6953, 0.672, 0.6752, 0.6923, 0.676, 0.6737, 0.7059, 0.6797, 0.6754, 0.6983, 0.6898, 0.6893, 0.6911, 0.695, 0.6744, 0.6955, 0.6799, 0.6903, 0.6719, 0.695, 0.6793, 0.6912, 0.6922], [0.6588, 0.6532, 0.6486, 0.6638, 0.638, 0.6533, 0.6641, 0.6582, 0.6542, 0.6511, 0.6526, 0.6507, 0.6498, 0.6431, 0.6501, 0.661, 0.6578, 0.6631, 0.646, 0.652, 0.6469, 0.6652, 0.6526, 0.6567, 0.6569, 0.6379], [0.7351, 0.7101, 0.7346, 0.7407, 0.6901, 0.7285, 0.7417, 0.7166, 0.7345, 0.7193, 0.7249, 0.7284, 0.7317, 0.7014, 0.7356, 0.7443, 0.7359, 0.7018, 0.7245, 0.7338, 0.7347, 0.7366, 0.7266, 0.729, 0.7299, 0.7263]]	
Results: 	[[0.6822, 0.698, 0.7095, 0.705, 0.7134, 0.6951, 0.7067, 0.7061, 0.6913, 0.7001, 0.7022, 0.6654, 0.6882, 0.6972, 0.7046, 0.6976, 0.7022, 0.703, 0.7022, 0.6971, 0.6958, 0.7002, 0.7032, 0.7028, 0.6936, 0.7074, 0.7022], [0.7607, 0.7731, 0.7834, 0.7578, 0.7786, 0.7681, 0.7663, 0.7651, 0.7624, 0.7668, 0.7714, 0.7729, 0.752, 0.7576, 0.7794, 0.7719, 0.7778, 0.7677, 0.7697, 0.7554, 0.7617, 0.7688, 0.7706, 0.7669, 0.7703, 0.7703, 0.7749], [0.7019, 0.7069, 0.7017, 0.7005, 0.7037, 0.6956, 0.7178, 0.7028, 0.7082, 0.695, 0.7018, 0.6847, 0.7023, 0.7124, 0.6961, 0.7039, 0.7003, 0.7004, 0.7051, 0.6964, 0.6883, 0.6982, 0.6961, 0.7085, 0.7036, 0.7039, 0.6973], [0.6777, 0.6771, 0.6746, 0.6953, 0.672, 0.6752, 0.6923, 0.676, 0.6737, 0.7059, 0.6797, 0.6754, 0.6983, 0.6898, 0.6893, 0.6911, 0.695, 0.6744, 0.6955, 0.6799, 0.6903, 0.6719, 0.695, 0.6793, 0.6912, 0.6922, 0.6877], [0.6588, 0.6532, 0.6486, 0.6638, 0.638, 0.6533, 0.6641, 0.6582, 0.6542, 0.6511, 0.6526, 0.6507, 0.6498, 0.6431, 0.6501, 0.661, 0.6578, 0.6631, 0.646, 0.652, 0.6469, 0.6652, 0.6526, 0.6567, 0.6569, 0.6379, 0.656], [0.7351, 0.7101, 0.7346, 0.7407, 0.6901, 0.7285, 0.7417, 0.7166, 0.7345, 0.7193, 0.7249, 0.7284, 0.7317, 0.7014, 0.7356, 0.7443, 0.7359, 0.7018, 0.7245, 0.7338, 0.7347, 0.7366, 0.7266, 0.729, 0.7299, 0.7263, 0.7315]]	
Results: 	[[0.6822, 0.698, 0.7095, 0.705, 0.7134, 0.6951, 0.7067, 0.7061, 0.6913, 0.7001, 0.7022, 0.6654, 0.6882, 0.6972, 0.7046, 0.6976, 0.7022, 0.703, 0.7022, 0.6971, 0.6958, 0.7002, 0.7032, 0.7028, 0.6936, 0.7074, 0.7022, 0.7063], [0.7607, 0.7731, 0.7834, 0.7578, 0.7786, 0.7681, 0.7663, 0.7651, 0.7624, 0.7668, 0.7714, 0.7729, 0.752, 0.7576, 0.7794, 0.7719, 0.7778, 0.7677, 0.7697, 0.7554, 0.7617, 0.7688, 0.7706, 0.7669, 0.7703, 0.7703, 0.7749, 0.7562], [0.7019, 0.7069, 0.7017, 0.7005, 0.7037, 0.6956, 0.7178, 0.7028, 0.7082, 0.695, 0.7018, 0.6847, 0.7023, 0.7124, 0.6961, 0.7039, 0.7003, 0.7004, 0.7051, 0.6964, 0.6883, 0.6982, 0.6961, 0.7085, 0.7036, 0.7039, 0.6973, 0.6995], [0.6777, 0.6771, 0.6746, 0.6953, 0.672, 0.6752, 0.6923, 0.676, 0.6737, 0.7059, 0.6797, 0.6754, 0.6983, 0.6898, 0.6893, 0.6911, 0.695, 0.6744, 0.6955, 0.6799, 0.6903, 0.6719, 0.695, 0.6793, 0.6912, 0.6922, 0.6877, 0.6991], [0.6588, 0.6532, 0.6486, 0.6638, 0.638, 0.6533, 0.6641, 0.6582, 0.6542, 0.6511, 0.6526, 0.6507, 0.6498, 0.6431, 0.6501, 0.661, 0.6578, 0.6631, 0.646, 0.652, 0.6469, 0.6652, 0.6526, 0.6567, 0.6569, 0.6379, 0.656, 0.6496], [0.7351, 0.7101, 0.7346, 0.7407, 0.6901, 0.7285, 0.7417, 0.7166, 0.7345, 0.7193, 0.7249, 0.7284, 0.7317, 0.7014, 0.7356, 0.7443, 0.7359, 0.7018, 0.7245, 0.7338, 0.7347, 0.7366, 0.7266, 0.729, 0.7299, 0.7263, 0.7315, 0.7342]]	
Results: 	[[0.6822, 0.698, 0.7095, 0.705, 0.7134, 0.6951, 0.7067, 0.7061, 0.6913, 0.7001, 0.7022, 0.6654, 0.6882, 0.6972, 0.7046, 0.6976, 0.7022, 0.703, 0.7022, 0.6971, 0.6958, 0.7002, 0.7032, 0.7028, 0.6936, 0.7074, 0.7022, 0.7063, 0.7143], [0.7607, 0.7731, 0.7834, 0.7578, 0.7786, 0.7681, 0.7663, 0.7651, 0.7624, 0.7668, 0.7714, 0.7729, 0.752, 0.7576, 0.7794, 0.7719, 0.7778, 0.7677, 0.7697, 0.7554, 0.7617, 0.7688, 0.7706, 0.7669, 0.7703, 0.7703, 0.7749, 0.7562, 0.7588], [0.7019, 0.7069, 0.7017, 0.7005, 0.7037, 0.6956, 0.7178, 0.7028, 0.7082, 0.695, 0.7018, 0.6847, 0.7023, 0.7124, 0.6961, 0.7039, 0.7003, 0.7004, 0.7051, 0.6964, 0.6883, 0.6982, 0.6961, 0.7085, 0.7036, 0.7039, 0.6973, 0.6995, 0.6921], [0.6777, 0.6771, 0.6746, 0.6953, 0.672, 0.6752, 0.6923, 0.676, 0.6737, 0.7059, 0.6797, 0.6754, 0.6983, 0.6898, 0.6893, 0.6911, 0.695, 0.6744, 0.6955, 0.6799, 0.6903, 0.6719, 0.695, 0.6793, 0.6912, 0.6922, 0.6877, 0.6991, 0.6739], [0.6588, 0.6532, 0.6486, 0.6638, 0.638, 0.6533, 0.6641, 0.6582, 0.6542, 0.6511, 0.6526, 0.6507, 0.6498, 0.6431, 0.6501, 0.661, 0.6578, 0.6631, 0.646, 0.652, 0.6469, 0.6652, 0.6526, 0.6567, 0.6569, 0.6379, 0.656, 0.6496, 0.6601], [0.7351, 0.7101, 0.7346, 0.7407, 0.6901, 0.7285, 0.7417, 0.7166, 0.7345, 0.7193, 0.7249, 0.7284, 0.7317, 0.7014, 0.7356, 0.7443, 0.7359, 0.7018, 0.7245, 0.7338, 0.7347, 0.7366, 0.7266, 0.729, 0.7299, 0.7263, 0.7315, 0.7342, 0.7352]]	
Results: 	[[0.6822, 0.698, 0.7095, 0.705, 0.7134, 0.6951, 0.7067, 0.7061, 0.6913, 0.7001, 0.7022, 0.6654, 0.6882, 0.6972, 0.7046, 0.6976, 0.7022, 0.703, 0.7022, 0.6971, 0.6958, 0.7002, 0.7032, 0.7028, 0.6936, 0.7074, 0.7022, 0.7063, 0.7143, 0.6936], [0.7607, 0.7731, 0.7834, 0.7578, 0.7786, 0.7681, 0.7663, 0.7651, 0.7624, 0.7668, 0.7714, 0.7729, 0.752, 0.7576, 0.7794, 0.7719, 0.7778, 0.7677, 0.7697, 0.7554, 0.7617, 0.7688, 0.7706, 0.7669, 0.7703, 0.7703, 0.7749, 0.7562, 0.7588, 0.7617], [0.7019, 0.7069, 0.7017, 0.7005, 0.7037, 0.6956, 0.7178, 0.7028, 0.7082, 0.695, 0.7018, 0.6847, 0.7023, 0.7124, 0.6961, 0.7039, 0.7003, 0.7004, 0.7051, 0.6964, 0.6883, 0.6982, 0.6961, 0.7085, 0.7036, 0.7039, 0.6973, 0.6995, 0.6921, 0.6996], [0.6777, 0.6771, 0.6746, 0.6953, 0.672, 0.6752, 0.6923, 0.676, 0.6737, 0.7059, 0.6797, 0.6754, 0.6983, 0.6898, 0.6893, 0.6911, 0.695, 0.6744, 0.6955, 0.6799, 0.6903, 0.6719, 0.695, 0.6793, 0.6912, 0.6922, 0.6877, 0.6991, 0.6739, 0.6929], [0.6588, 0.6532, 0.6486, 0.6638, 0.638, 0.6533, 0.6641, 0.6582, 0.6542, 0.6511, 0.6526, 0.6507, 0.6498, 0.6431, 0.6501, 0.661, 0.6578, 0.6631, 0.646, 0.652, 0.6469, 0.6652, 0.6526, 0.6567, 0.6569, 0.6379, 0.656, 0.6496, 0.6601, 0.6603], [0.7351, 0.7101, 0.7346, 0.7407, 0.6901, 0.7285, 0.7417, 0.7166, 0.7345, 0.7193, 0.7249, 0.7284, 0.7317, 0.7014, 0.7356, 0.7443, 0.7359, 0.7018, 0.7245, 0.7338, 0.7347, 0.7366, 0.7266, 0.729, 0.7299, 0.7263, 0.7315, 0.7342, 0.7352, 0.7093]]
30 Support Sets: (Mean:0.69955, SD:0.009497613130277199) | 	30 Support Sets: (Mean:0.7672766666666667, SD:0.007732630517013186) | 	30 Support Sets: (Mean:0.70082, SD:0.006633374342852493) | 	30 Support Sets: (Mean:0.68539, SD:0.009874919467153064) | 	30 Support Sets: (Mean:0.6537233333333333, SD:0.0071024853995326695) | 	30 Support Sets: (Mean:0.7268933333333334, SD:0.01292007081579112) | 	