Results: 	[[0.777], [0.7877], [0.7402]]	
Results: 	[[0.777, 0.7769], [0.7877, 0.7871], [0.7402, 0.7408]]	
Results: 	[[0.777, 0.7769, 0.7751], [0.7877, 0.7871, 0.7877], [0.7402, 0.7408, 0.7408]]	
Results: 	[[0.777, 0.7769, 0.7751, 0.7788], [0.7877, 0.7871, 0.7877, 0.7843], [0.7402, 0.7408, 0.7408, 0.7417]]	
Results: 	[[0.777, 0.7769, 0.7751, 0.7788, 0.7773], [0.7877, 0.7871, 0.7877, 0.7843, 0.7857], [0.7402, 0.7408, 0.7408, 0.7417, 0.7412]]	
Results: 	[[0.777, 0.7769, 0.7751, 0.7788, 0.7773, 0.7794], [0.7877, 0.7871, 0.7877, 0.7843, 0.7857, 0.7862], [0.7402, 0.7408, 0.7408, 0.7417, 0.7412, 0.7397]]	
Results: 	[[0.777, 0.7769, 0.7751, 0.7788, 0.7773, 0.7794, 0.777], [0.7877, 0.7871, 0.7877, 0.7843, 0.7857, 0.7862, 0.7855], [0.7402, 0.7408, 0.7408, 0.7417, 0.7412, 0.7397, 0.7402]]	
Results: 	[[0.777, 0.7769, 0.7751, 0.7788, 0.7773, 0.7794, 0.777, 0.7807], [0.7877, 0.7871, 0.7877, 0.7843, 0.7857, 0.7862, 0.7855, 0.7886], [0.7402, 0.7408, 0.7408, 0.7417, 0.7412, 0.7397, 0.7402, 0.7461]]	
Results: 	[[0.777, 0.7769, 0.7751, 0.7788, 0.7773, 0.7794, 0.777, 0.7807, 0.7803], [0.7877, 0.7871, 0.7877, 0.7843, 0.7857, 0.7862, 0.7855, 0.7886, 0.7871], [0.7402, 0.7408, 0.7408, 0.7417, 0.7412, 0.7397, 0.7402, 0.7461, 0.7441]]	
Results: 	[[0.777, 0.7769, 0.7751, 0.7788, 0.7773, 0.7794, 0.777, 0.7807, 0.7803, 0.7809], [0.7877, 0.7871, 0.7877, 0.7843, 0.7857, 0.7862, 0.7855, 0.7886, 0.7871, 0.7877], [0.7402, 0.7408, 0.7408, 0.7417, 0.7412, 0.7397, 0.7402, 0.7461, 0.7441, 0.743]]	
Results: 	[[0.777, 0.7769, 0.7751, 0.7788, 0.7773, 0.7794, 0.777, 0.7807, 0.7803, 0.7809, 0.78], [0.7877, 0.7871, 0.7877, 0.7843, 0.7857, 0.7862, 0.7855, 0.7886, 0.7871, 0.7877, 0.7867], [0.7402, 0.7408, 0.7408, 0.7417, 0.7412, 0.7397, 0.7402, 0.7461, 0.7441, 0.743, 0.7448]]	
Results: 	[[0.777, 0.7769, 0.7751, 0.7788, 0.7773, 0.7794, 0.777, 0.7807, 0.7803, 0.7809, 0.78, 0.7794], [0.7877, 0.7871, 0.7877, 0.7843, 0.7857, 0.7862, 0.7855, 0.7886, 0.7871, 0.7877, 0.7867, 0.7876], [0.7402, 0.7408, 0.7408, 0.7417, 0.7412, 0.7397, 0.7402, 0.7461, 0.7441, 0.743, 0.7448, 0.7427]]	
Results: 	[[0.777, 0.7769, 0.7751, 0.7788, 0.7773, 0.7794, 0.777, 0.7807, 0.7803, 0.7809, 0.78, 0.7794, 0.7757], [0.7877, 0.7871, 0.7877, 0.7843, 0.7857, 0.7862, 0.7855, 0.7886, 0.7871, 0.7877, 0.7867, 0.7876, 0.787], [0.7402, 0.7408, 0.7408, 0.7417, 0.7412, 0.7397, 0.7402, 0.7461, 0.7441, 0.743, 0.7448, 0.7427, 0.7411]]	
Results: 	[[0.777, 0.7769, 0.7751, 0.7788, 0.7773, 0.7794, 0.777, 0.7807, 0.7803, 0.7809, 0.78, 0.7794, 0.7757, 0.7792], [0.7877, 0.7871, 0.7877, 0.7843, 0.7857, 0.7862, 0.7855, 0.7886, 0.7871, 0.7877, 0.7867, 0.7876, 0.787, 0.7858], [0.7402, 0.7408, 0.7408, 0.7417, 0.7412, 0.7397, 0.7402, 0.7461, 0.7441, 0.743, 0.7448, 0.7427, 0.7411, 0.7444]]	
Results: 	[[0.777, 0.7769, 0.7751, 0.7788, 0.7773, 0.7794, 0.777, 0.7807, 0.7803, 0.7809, 0.78, 0.7794, 0.7757, 0.7792, 0.7779], [0.7877, 0.7871, 0.7877, 0.7843, 0.7857, 0.7862, 0.7855, 0.7886, 0.7871, 0.7877, 0.7867, 0.7876, 0.787, 0.7858, 0.7862], [0.7402, 0.7408, 0.7408, 0.7417, 0.7412, 0.7397, 0.7402, 0.7461, 0.7441, 0.743, 0.7448, 0.7427, 0.7411, 0.7444, 0.7448]]	
Results: 	[[0.777, 0.7769, 0.7751, 0.7788, 0.7773, 0.7794, 0.777, 0.7807, 0.7803, 0.7809, 0.78, 0.7794, 0.7757, 0.7792, 0.7779, 0.7803], [0.7877, 0.7871, 0.7877, 0.7843, 0.7857, 0.7862, 0.7855, 0.7886, 0.7871, 0.7877, 0.7867, 0.7876, 0.787, 0.7858, 0.7862, 0.7874], [0.7402, 0.7408, 0.7408, 0.7417, 0.7412, 0.7397, 0.7402, 0.7461, 0.7441, 0.743, 0.7448, 0.7427, 0.7411, 0.7444, 0.7448, 0.7407]]	
Results: 	[[0.777, 0.7769, 0.7751, 0.7788, 0.7773, 0.7794, 0.777, 0.7807, 0.7803, 0.7809, 0.78, 0.7794, 0.7757, 0.7792, 0.7779, 0.7803, 0.7804], [0.7877, 0.7871, 0.7877, 0.7843, 0.7857, 0.7862, 0.7855, 0.7886, 0.7871, 0.7877, 0.7867, 0.7876, 0.787, 0.7858, 0.7862, 0.7874, 0.7857], [0.7402, 0.7408, 0.7408, 0.7417, 0.7412, 0.7397, 0.7402, 0.7461, 0.7441, 0.743, 0.7448, 0.7427, 0.7411, 0.7444, 0.7448, 0.7407, 0.7397]]	
Results: 	[[0.777, 0.7769, 0.7751, 0.7788, 0.7773, 0.7794, 0.777, 0.7807, 0.7803, 0.7809, 0.78, 0.7794, 0.7757, 0.7792, 0.7779, 0.7803, 0.7804, 0.7779], [0.7877, 0.7871, 0.7877, 0.7843, 0.7857, 0.7862, 0.7855, 0.7886, 0.7871, 0.7877, 0.7867, 0.7876, 0.787, 0.7858, 0.7862, 0.7874, 0.7857, 0.7871], [0.7402, 0.7408, 0.7408, 0.7417, 0.7412, 0.7397, 0.7402, 0.7461, 0.7441, 0.743, 0.7448, 0.7427, 0.7411, 0.7444, 0.7448, 0.7407, 0.7397, 0.7372]]	
Results: 	[[0.777, 0.7769, 0.7751, 0.7788, 0.7773, 0.7794, 0.777, 0.7807, 0.7803, 0.7809, 0.78, 0.7794, 0.7757, 0.7792, 0.7779, 0.7803, 0.7804, 0.7779, 0.7773], [0.7877, 0.7871, 0.7877, 0.7843, 0.7857, 0.7862, 0.7855, 0.7886, 0.7871, 0.7877, 0.7867, 0.7876, 0.787, 0.7858, 0.7862, 0.7874, 0.7857, 0.7871, 0.7868], [0.7402, 0.7408, 0.7408, 0.7417, 0.7412, 0.7397, 0.7402, 0.7461, 0.7441, 0.743, 0.7448, 0.7427, 0.7411, 0.7444, 0.7448, 0.7407, 0.7397, 0.7372, 0.7402]]	
Results: 	[[0.777, 0.7769, 0.7751, 0.7788, 0.7773, 0.7794, 0.777, 0.7807, 0.7803, 0.7809, 0.78, 0.7794, 0.7757, 0.7792, 0.7779, 0.7803, 0.7804, 0.7779, 0.7773, 0.7779], [0.7877, 0.7871, 0.7877, 0.7843, 0.7857, 0.7862, 0.7855, 0.7886, 0.7871, 0.7877, 0.7867, 0.7876, 0.787, 0.7858, 0.7862, 0.7874, 0.7857, 0.7871, 0.7868, 0.7873], [0.7402, 0.7408, 0.7408, 0.7417, 0.7412, 0.7397, 0.7402, 0.7461, 0.7441, 0.743, 0.7448, 0.7427, 0.7411, 0.7444, 0.7448, 0.7407, 0.7397, 0.7372, 0.7402, 0.7382]]	
Results: 	[[0.777, 0.7769, 0.7751, 0.7788, 0.7773, 0.7794, 0.777, 0.7807, 0.7803, 0.7809, 0.78, 0.7794, 0.7757, 0.7792, 0.7779, 0.7803, 0.7804, 0.7779, 0.7773, 0.7779, 0.7773], [0.7877, 0.7871, 0.7877, 0.7843, 0.7857, 0.7862, 0.7855, 0.7886, 0.7871, 0.7877, 0.7867, 0.7876, 0.787, 0.7858, 0.7862, 0.7874, 0.7857, 0.7871, 0.7868, 0.7873, 0.7861], [0.7402, 0.7408, 0.7408, 0.7417, 0.7412, 0.7397, 0.7402, 0.7461, 0.7441, 0.743, 0.7448, 0.7427, 0.7411, 0.7444, 0.7448, 0.7407, 0.7397, 0.7372, 0.7402, 0.7382, 0.7423]]	
Results: 	[[0.777, 0.7769, 0.7751, 0.7788, 0.7773, 0.7794, 0.777, 0.7807, 0.7803, 0.7809, 0.78, 0.7794, 0.7757, 0.7792, 0.7779, 0.7803, 0.7804, 0.7779, 0.7773, 0.7779, 0.7773, 0.7801], [0.7877, 0.7871, 0.7877, 0.7843, 0.7857, 0.7862, 0.7855, 0.7886, 0.7871, 0.7877, 0.7867, 0.7876, 0.787, 0.7858, 0.7862, 0.7874, 0.7857, 0.7871, 0.7868, 0.7873, 0.7861, 0.7868], [0.7402, 0.7408, 0.7408, 0.7417, 0.7412, 0.7397, 0.7402, 0.7461, 0.7441, 0.743, 0.7448, 0.7427, 0.7411, 0.7444, 0.7448, 0.7407, 0.7397, 0.7372, 0.7402, 0.7382, 0.7423, 0.7436]]	
Results: 	[[0.777, 0.7769, 0.7751, 0.7788, 0.7773, 0.7794, 0.777, 0.7807, 0.7803, 0.7809, 0.78, 0.7794, 0.7757, 0.7792, 0.7779, 0.7803, 0.7804, 0.7779, 0.7773, 0.7779, 0.7773, 0.7801, 0.779], [0.7877, 0.7871, 0.7877, 0.7843, 0.7857, 0.7862, 0.7855, 0.7886, 0.7871, 0.7877, 0.7867, 0.7876, 0.787, 0.7858, 0.7862, 0.7874, 0.7857, 0.7871, 0.7868, 0.7873, 0.7861, 0.7868, 0.7859], [0.7402, 0.7408, 0.7408, 0.7417, 0.7412, 0.7397, 0.7402, 0.7461, 0.7441, 0.743, 0.7448, 0.7427, 0.7411, 0.7444, 0.7448, 0.7407, 0.7397, 0.7372, 0.7402, 0.7382, 0.7423, 0.7436, 0.742]]	
Results: 	[[0.777, 0.7769, 0.7751, 0.7788, 0.7773, 0.7794, 0.777, 0.7807, 0.7803, 0.7809, 0.78, 0.7794, 0.7757, 0.7792, 0.7779, 0.7803, 0.7804, 0.7779, 0.7773, 0.7779, 0.7773, 0.7801, 0.779, 0.7804], [0.7877, 0.7871, 0.7877, 0.7843, 0.7857, 0.7862, 0.7855, 0.7886, 0.7871, 0.7877, 0.7867, 0.7876, 0.787, 0.7858, 0.7862, 0.7874, 0.7857, 0.7871, 0.7868, 0.7873, 0.7861, 0.7868, 0.7859, 0.7861], [0.7402, 0.7408, 0.7408, 0.7417, 0.7412, 0.7397, 0.7402, 0.7461, 0.7441, 0.743, 0.7448, 0.7427, 0.7411, 0.7444, 0.7448, 0.7407, 0.7397, 0.7372, 0.7402, 0.7382, 0.7423, 0.7436, 0.742, 0.7435]]	
Results: 	[[0.777, 0.7769, 0.7751, 0.7788, 0.7773, 0.7794, 0.777, 0.7807, 0.7803, 0.7809, 0.78, 0.7794, 0.7757, 0.7792, 0.7779, 0.7803, 0.7804, 0.7779, 0.7773, 0.7779, 0.7773, 0.7801, 0.779, 0.7804, 0.779], [0.7877, 0.7871, 0.7877, 0.7843, 0.7857, 0.7862, 0.7855, 0.7886, 0.7871, 0.7877, 0.7867, 0.7876, 0.787, 0.7858, 0.7862, 0.7874, 0.7857, 0.7871, 0.7868, 0.7873, 0.7861, 0.7868, 0.7859, 0.7861, 0.7853], [0.7402, 0.7408, 0.7408, 0.7417, 0.7412, 0.7397, 0.7402, 0.7461, 0.7441, 0.743, 0.7448, 0.7427, 0.7411, 0.7444, 0.7448, 0.7407, 0.7397, 0.7372, 0.7402, 0.7382, 0.7423, 0.7436, 0.742, 0.7435, 0.7406]]	
Results: 	[[0.777, 0.7769, 0.7751, 0.7788, 0.7773, 0.7794, 0.777, 0.7807, 0.7803, 0.7809, 0.78, 0.7794, 0.7757, 0.7792, 0.7779, 0.7803, 0.7804, 0.7779, 0.7773, 0.7779, 0.7773, 0.7801, 0.779, 0.7804, 0.779, 0.7812], [0.7877, 0.7871, 0.7877, 0.7843, 0.7857, 0.7862, 0.7855, 0.7886, 0.7871, 0.7877, 0.7867, 0.7876, 0.787, 0.7858, 0.7862, 0.7874, 0.7857, 0.7871, 0.7868, 0.7873, 0.7861, 0.7868, 0.7859, 0.7861, 0.7853, 0.7866], [0.7402, 0.7408, 0.7408, 0.7417, 0.7412, 0.7397, 0.7402, 0.7461, 0.7441, 0.743, 0.7448, 0.7427, 0.7411, 0.7444, 0.7448, 0.7407, 0.7397, 0.7372, 0.7402, 0.7382, 0.7423, 0.7436, 0.742, 0.7435, 0.7406, 0.7419]]	
Results: 	[[0.777, 0.7769, 0.7751, 0.7788, 0.7773, 0.7794, 0.777, 0.7807, 0.7803, 0.7809, 0.78, 0.7794, 0.7757, 0.7792, 0.7779, 0.7803, 0.7804, 0.7779, 0.7773, 0.7779, 0.7773, 0.7801, 0.779, 0.7804, 0.779, 0.7812, 0.7749], [0.7877, 0.7871, 0.7877, 0.7843, 0.7857, 0.7862, 0.7855, 0.7886, 0.7871, 0.7877, 0.7867, 0.7876, 0.787, 0.7858, 0.7862, 0.7874, 0.7857, 0.7871, 0.7868, 0.7873, 0.7861, 0.7868, 0.7859, 0.7861, 0.7853, 0.7866, 0.7868], [0.7402, 0.7408, 0.7408, 0.7417, 0.7412, 0.7397, 0.7402, 0.7461, 0.7441, 0.743, 0.7448, 0.7427, 0.7411, 0.7444, 0.7448, 0.7407, 0.7397, 0.7372, 0.7402, 0.7382, 0.7423, 0.7436, 0.742, 0.7435, 0.7406, 0.7419, 0.7418]]	
Results: 	[[0.777, 0.7769, 0.7751, 0.7788, 0.7773, 0.7794, 0.777, 0.7807, 0.7803, 0.7809, 0.78, 0.7794, 0.7757, 0.7792, 0.7779, 0.7803, 0.7804, 0.7779, 0.7773, 0.7779, 0.7773, 0.7801, 0.779, 0.7804, 0.779, 0.7812, 0.7749, 0.7775], [0.7877, 0.7871, 0.7877, 0.7843, 0.7857, 0.7862, 0.7855, 0.7886, 0.7871, 0.7877, 0.7867, 0.7876, 0.787, 0.7858, 0.7862, 0.7874, 0.7857, 0.7871, 0.7868, 0.7873, 0.7861, 0.7868, 0.7859, 0.7861, 0.7853, 0.7866, 0.7868, 0.7868], [0.7402, 0.7408, 0.7408, 0.7417, 0.7412, 0.7397, 0.7402, 0.7461, 0.7441, 0.743, 0.7448, 0.7427, 0.7411, 0.7444, 0.7448, 0.7407, 0.7397, 0.7372, 0.7402, 0.7382, 0.7423, 0.7436, 0.742, 0.7435, 0.7406, 0.7419, 0.7418, 0.7444]]	
Results: 	[[0.777, 0.7769, 0.7751, 0.7788, 0.7773, 0.7794, 0.777, 0.7807, 0.7803, 0.7809, 0.78, 0.7794, 0.7757, 0.7792, 0.7779, 0.7803, 0.7804, 0.7779, 0.7773, 0.7779, 0.7773, 0.7801, 0.779, 0.7804, 0.779, 0.7812, 0.7749, 0.7775, 0.7813], [0.7877, 0.7871, 0.7877, 0.7843, 0.7857, 0.7862, 0.7855, 0.7886, 0.7871, 0.7877, 0.7867, 0.7876, 0.787, 0.7858, 0.7862, 0.7874, 0.7857, 0.7871, 0.7868, 0.7873, 0.7861, 0.7868, 0.7859, 0.7861, 0.7853, 0.7866, 0.7868, 0.7868, 0.7862], [0.7402, 0.7408, 0.7408, 0.7417, 0.7412, 0.7397, 0.7402, 0.7461, 0.7441, 0.743, 0.7448, 0.7427, 0.7411, 0.7444, 0.7448, 0.7407, 0.7397, 0.7372, 0.7402, 0.7382, 0.7423, 0.7436, 0.742, 0.7435, 0.7406, 0.7419, 0.7418, 0.7444, 0.7404]]	
Results: 	[[0.777, 0.7769, 0.7751, 0.7788, 0.7773, 0.7794, 0.777, 0.7807, 0.7803, 0.7809, 0.78, 0.7794, 0.7757, 0.7792, 0.7779, 0.7803, 0.7804, 0.7779, 0.7773, 0.7779, 0.7773, 0.7801, 0.779, 0.7804, 0.779, 0.7812, 0.7749, 0.7775, 0.7813, 0.7799], [0.7877, 0.7871, 0.7877, 0.7843, 0.7857, 0.7862, 0.7855, 0.7886, 0.7871, 0.7877, 0.7867, 0.7876, 0.787, 0.7858, 0.7862, 0.7874, 0.7857, 0.7871, 0.7868, 0.7873, 0.7861, 0.7868, 0.7859, 0.7861, 0.7853, 0.7866, 0.7868, 0.7868, 0.7862, 0.7846], [0.7402, 0.7408, 0.7408, 0.7417, 0.7412, 0.7397, 0.7402, 0.7461, 0.7441, 0.743, 0.7448, 0.7427, 0.7411, 0.7444, 0.7448, 0.7407, 0.7397, 0.7372, 0.7402, 0.7382, 0.7423, 0.7436, 0.742, 0.7435, 0.7406, 0.7419, 0.7418, 0.7444, 0.7404, 0.741]]
30 Support Sets: (Mean:0.7786666666666666, SD:0.0017992974363255803) | 	30 Support Sets: (Mean:0.7865466666666666, SD:0.0009590704311749046) | 	30 Support Sets: (Mean:0.74177, SD:0.0020568053568245305) | 	