Results: 	[[0.6072], [0.7215], [0.6546], [0.6192], [0.5734], [0.6237]]	
Results: 	[[0.6072, 0.6016], [0.7215, 0.7018], [0.6546, 0.6365], [0.6192, 0.5936], [0.5734, 0.5702], [0.6237, 0.6648]]	
Results: 	[[0.6072, 0.6016, 0.6018], [0.7215, 0.7018, 0.6923], [0.6546, 0.6365, 0.6261], [0.6192, 0.5936, 0.6057], [0.5734, 0.5702, 0.5817], [0.6237, 0.6648, 0.6769]]	
Results: 	[[0.6072, 0.6016, 0.6018, 0.6071], [0.7215, 0.7018, 0.6923, 0.7169], [0.6546, 0.6365, 0.6261, 0.6248], [0.6192, 0.5936, 0.6057, 0.5957], [0.5734, 0.5702, 0.5817, 0.5831], [0.6237, 0.6648, 0.6769, 0.6444]]	
Results: 	[[0.6072, 0.6016, 0.6018, 0.6071, 0.617], [0.7215, 0.7018, 0.6923, 0.7169, 0.7342], [0.6546, 0.6365, 0.6261, 0.6248, 0.6476], [0.6192, 0.5936, 0.6057, 0.5957, 0.5921], [0.5734, 0.5702, 0.5817, 0.5831, 0.5627], [0.6237, 0.6648, 0.6769, 0.6444, 0.6501]]	
Results: 	[[0.6072, 0.6016, 0.6018, 0.6071, 0.617, 0.6119], [0.7215, 0.7018, 0.6923, 0.7169, 0.7342, 0.7175], [0.6546, 0.6365, 0.6261, 0.6248, 0.6476, 0.6283], [0.6192, 0.5936, 0.6057, 0.5957, 0.5921, 0.6206], [0.5734, 0.5702, 0.5817, 0.5831, 0.5627, 0.585], [0.6237, 0.6648, 0.6769, 0.6444, 0.6501, 0.636]]	
Results: 	[[0.6072, 0.6016, 0.6018, 0.6071, 0.617, 0.6119, 0.6074], [0.7215, 0.7018, 0.6923, 0.7169, 0.7342, 0.7175, 0.7189], [0.6546, 0.6365, 0.6261, 0.6248, 0.6476, 0.6283, 0.6309], [0.6192, 0.5936, 0.6057, 0.5957, 0.5921, 0.6206, 0.5476], [0.5734, 0.5702, 0.5817, 0.5831, 0.5627, 0.585, 0.5827], [0.6237, 0.6648, 0.6769, 0.6444, 0.6501, 0.636, 0.6567]]	
Results: 	[[0.6072, 0.6016, 0.6018, 0.6071, 0.617, 0.6119, 0.6074, 0.6125], [0.7215, 0.7018, 0.6923, 0.7169, 0.7342, 0.7175, 0.7189, 0.6942], [0.6546, 0.6365, 0.6261, 0.6248, 0.6476, 0.6283, 0.6309, 0.6218], [0.6192, 0.5936, 0.6057, 0.5957, 0.5921, 0.6206, 0.5476, 0.5999], [0.5734, 0.5702, 0.5817, 0.5831, 0.5627, 0.585, 0.5827, 0.5747], [0.6237, 0.6648, 0.6769, 0.6444, 0.6501, 0.636, 0.6567, 0.6739]]	
Results: 	[[0.6072, 0.6016, 0.6018, 0.6071, 0.617, 0.6119, 0.6074, 0.6125, 0.6002], [0.7215, 0.7018, 0.6923, 0.7169, 0.7342, 0.7175, 0.7189, 0.6942, 0.7111], [0.6546, 0.6365, 0.6261, 0.6248, 0.6476, 0.6283, 0.6309, 0.6218, 0.5794], [0.6192, 0.5936, 0.6057, 0.5957, 0.5921, 0.6206, 0.5476, 0.5999, 0.5981], [0.5734, 0.5702, 0.5817, 0.5831, 0.5627, 0.585, 0.5827, 0.5747, 0.5939], [0.6237, 0.6648, 0.6769, 0.6444, 0.6501, 0.636, 0.6567, 0.6739, 0.664]]	
Results: 	[[0.6072, 0.6016, 0.6018, 0.6071, 0.617, 0.6119, 0.6074, 0.6125, 0.6002, 0.6103], [0.7215, 0.7018, 0.6923, 0.7169, 0.7342, 0.7175, 0.7189, 0.6942, 0.7111, 0.708], [0.6546, 0.6365, 0.6261, 0.6248, 0.6476, 0.6283, 0.6309, 0.6218, 0.5794, 0.6292], [0.6192, 0.5936, 0.6057, 0.5957, 0.5921, 0.6206, 0.5476, 0.5999, 0.5981, 0.5745], [0.5734, 0.5702, 0.5817, 0.5831, 0.5627, 0.585, 0.5827, 0.5747, 0.5939, 0.6068], [0.6237, 0.6648, 0.6769, 0.6444, 0.6501, 0.636, 0.6567, 0.6739, 0.664, 0.6765]]	
Results: 	[[0.6072, 0.6016, 0.6018, 0.6071, 0.617, 0.6119, 0.6074, 0.6125, 0.6002, 0.6103, 0.6056], [0.7215, 0.7018, 0.6923, 0.7169, 0.7342, 0.7175, 0.7189, 0.6942, 0.7111, 0.708, 0.725], [0.6546, 0.6365, 0.6261, 0.6248, 0.6476, 0.6283, 0.6309, 0.6218, 0.5794, 0.6292, 0.6219], [0.6192, 0.5936, 0.6057, 0.5957, 0.5921, 0.6206, 0.5476, 0.5999, 0.5981, 0.5745, 0.6067], [0.5734, 0.5702, 0.5817, 0.5831, 0.5627, 0.585, 0.5827, 0.5747, 0.5939, 0.6068, 0.5903], [0.6237, 0.6648, 0.6769, 0.6444, 0.6501, 0.636, 0.6567, 0.6739, 0.664, 0.6765, 0.6292]]	
Results: 	[[0.6072, 0.6016, 0.6018, 0.6071, 0.617, 0.6119, 0.6074, 0.6125, 0.6002, 0.6103, 0.6056, 0.6145], [0.7215, 0.7018, 0.6923, 0.7169, 0.7342, 0.7175, 0.7189, 0.6942, 0.7111, 0.708, 0.725, 0.7351], [0.6546, 0.6365, 0.6261, 0.6248, 0.6476, 0.6283, 0.6309, 0.6218, 0.5794, 0.6292, 0.6219, 0.6326], [0.6192, 0.5936, 0.6057, 0.5957, 0.5921, 0.6206, 0.5476, 0.5999, 0.5981, 0.5745, 0.6067, 0.6042], [0.5734, 0.5702, 0.5817, 0.5831, 0.5627, 0.585, 0.5827, 0.5747, 0.5939, 0.6068, 0.5903, 0.5884], [0.6237, 0.6648, 0.6769, 0.6444, 0.6501, 0.636, 0.6567, 0.6739, 0.664, 0.6765, 0.6292, 0.6329]]	
Results: 	[[0.6072, 0.6016, 0.6018, 0.6071, 0.617, 0.6119, 0.6074, 0.6125, 0.6002, 0.6103, 0.6056, 0.6145, 0.5941], [0.7215, 0.7018, 0.6923, 0.7169, 0.7342, 0.7175, 0.7189, 0.6942, 0.7111, 0.708, 0.725, 0.7351, 0.71], [0.6546, 0.6365, 0.6261, 0.6248, 0.6476, 0.6283, 0.6309, 0.6218, 0.5794, 0.6292, 0.6219, 0.6326, 0.6112], [0.6192, 0.5936, 0.6057, 0.5957, 0.5921, 0.6206, 0.5476, 0.5999, 0.5981, 0.5745, 0.6067, 0.6042, 0.6122], [0.5734, 0.5702, 0.5817, 0.5831, 0.5627, 0.585, 0.5827, 0.5747, 0.5939, 0.6068, 0.5903, 0.5884, 0.5703], [0.6237, 0.6648, 0.6769, 0.6444, 0.6501, 0.636, 0.6567, 0.6739, 0.664, 0.6765, 0.6292, 0.6329, 0.6745]]	
Results: 	[[0.6072, 0.6016, 0.6018, 0.6071, 0.617, 0.6119, 0.6074, 0.6125, 0.6002, 0.6103, 0.6056, 0.6145, 0.5941, 0.6188], [0.7215, 0.7018, 0.6923, 0.7169, 0.7342, 0.7175, 0.7189, 0.6942, 0.7111, 0.708, 0.725, 0.7351, 0.71, 0.7227], [0.6546, 0.6365, 0.6261, 0.6248, 0.6476, 0.6283, 0.6309, 0.6218, 0.5794, 0.6292, 0.6219, 0.6326, 0.6112, 0.6318], [0.6192, 0.5936, 0.6057, 0.5957, 0.5921, 0.6206, 0.5476, 0.5999, 0.5981, 0.5745, 0.6067, 0.6042, 0.6122, 0.6053], [0.5734, 0.5702, 0.5817, 0.5831, 0.5627, 0.585, 0.5827, 0.5747, 0.5939, 0.6068, 0.5903, 0.5884, 0.5703, 0.5523], [0.6237, 0.6648, 0.6769, 0.6444, 0.6501, 0.636, 0.6567, 0.6739, 0.664, 0.6765, 0.6292, 0.6329, 0.6745, 0.639]]	
Results: 	[[0.6072, 0.6016, 0.6018, 0.6071, 0.617, 0.6119, 0.6074, 0.6125, 0.6002, 0.6103, 0.6056, 0.6145, 0.5941, 0.6188, 0.6196], [0.7215, 0.7018, 0.6923, 0.7169, 0.7342, 0.7175, 0.7189, 0.6942, 0.7111, 0.708, 0.725, 0.7351, 0.71, 0.7227, 0.7123], [0.6546, 0.6365, 0.6261, 0.6248, 0.6476, 0.6283, 0.6309, 0.6218, 0.5794, 0.6292, 0.6219, 0.6326, 0.6112, 0.6318, 0.6373], [0.6192, 0.5936, 0.6057, 0.5957, 0.5921, 0.6206, 0.5476, 0.5999, 0.5981, 0.5745, 0.6067, 0.6042, 0.6122, 0.6053, 0.5893], [0.5734, 0.5702, 0.5817, 0.5831, 0.5627, 0.585, 0.5827, 0.5747, 0.5939, 0.6068, 0.5903, 0.5884, 0.5703, 0.5523, 0.6048], [0.6237, 0.6648, 0.6769, 0.6444, 0.6501, 0.636, 0.6567, 0.6739, 0.664, 0.6765, 0.6292, 0.6329, 0.6745, 0.639, 0.6711]]	
Results: 	[[0.6072, 0.6016, 0.6018, 0.6071, 0.617, 0.6119, 0.6074, 0.6125, 0.6002, 0.6103, 0.6056, 0.6145, 0.5941, 0.6188, 0.6196, 0.5893], [0.7215, 0.7018, 0.6923, 0.7169, 0.7342, 0.7175, 0.7189, 0.6942, 0.7111, 0.708, 0.725, 0.7351, 0.71, 0.7227, 0.7123, 0.6694], [0.6546, 0.6365, 0.6261, 0.6248, 0.6476, 0.6283, 0.6309, 0.6218, 0.5794, 0.6292, 0.6219, 0.6326, 0.6112, 0.6318, 0.6373, 0.6228], [0.6192, 0.5936, 0.6057, 0.5957, 0.5921, 0.6206, 0.5476, 0.5999, 0.5981, 0.5745, 0.6067, 0.6042, 0.6122, 0.6053, 0.5893, 0.5968], [0.5734, 0.5702, 0.5817, 0.5831, 0.5627, 0.585, 0.5827, 0.5747, 0.5939, 0.6068, 0.5903, 0.5884, 0.5703, 0.5523, 0.6048, 0.5727], [0.6237, 0.6648, 0.6769, 0.6444, 0.6501, 0.636, 0.6567, 0.6739, 0.664, 0.6765, 0.6292, 0.6329, 0.6745, 0.639, 0.6711, 0.6559]]	
Results: 	[[0.6072, 0.6016, 0.6018, 0.6071, 0.617, 0.6119, 0.6074, 0.6125, 0.6002, 0.6103, 0.6056, 0.6145, 0.5941, 0.6188, 0.6196, 0.5893, 0.6218], [0.7215, 0.7018, 0.6923, 0.7169, 0.7342, 0.7175, 0.7189, 0.6942, 0.7111, 0.708, 0.725, 0.7351, 0.71, 0.7227, 0.7123, 0.6694, 0.7188], [0.6546, 0.6365, 0.6261, 0.6248, 0.6476, 0.6283, 0.6309, 0.6218, 0.5794, 0.6292, 0.6219, 0.6326, 0.6112, 0.6318, 0.6373, 0.6228, 0.6352], [0.6192, 0.5936, 0.6057, 0.5957, 0.5921, 0.6206, 0.5476, 0.5999, 0.5981, 0.5745, 0.6067, 0.6042, 0.6122, 0.6053, 0.5893, 0.5968, 0.6194], [0.5734, 0.5702, 0.5817, 0.5831, 0.5627, 0.585, 0.5827, 0.5747, 0.5939, 0.6068, 0.5903, 0.5884, 0.5703, 0.5523, 0.6048, 0.5727, 0.5936], [0.6237, 0.6648, 0.6769, 0.6444, 0.6501, 0.636, 0.6567, 0.6739, 0.664, 0.6765, 0.6292, 0.6329, 0.6745, 0.639, 0.6711, 0.6559, 0.6594]]	
Results: 	[[0.6072, 0.6016, 0.6018, 0.6071, 0.617, 0.6119, 0.6074, 0.6125, 0.6002, 0.6103, 0.6056, 0.6145, 0.5941, 0.6188, 0.6196, 0.5893, 0.6218, 0.6172], [0.7215, 0.7018, 0.6923, 0.7169, 0.7342, 0.7175, 0.7189, 0.6942, 0.7111, 0.708, 0.725, 0.7351, 0.71, 0.7227, 0.7123, 0.6694, 0.7188, 0.7257], [0.6546, 0.6365, 0.6261, 0.6248, 0.6476, 0.6283, 0.6309, 0.6218, 0.5794, 0.6292, 0.6219, 0.6326, 0.6112, 0.6318, 0.6373, 0.6228, 0.6352, 0.6216], [0.6192, 0.5936, 0.6057, 0.5957, 0.5921, 0.6206, 0.5476, 0.5999, 0.5981, 0.5745, 0.6067, 0.6042, 0.6122, 0.6053, 0.5893, 0.5968, 0.6194, 0.6117], [0.5734, 0.5702, 0.5817, 0.5831, 0.5627, 0.585, 0.5827, 0.5747, 0.5939, 0.6068, 0.5903, 0.5884, 0.5703, 0.5523, 0.6048, 0.5727, 0.5936, 0.5752], [0.6237, 0.6648, 0.6769, 0.6444, 0.6501, 0.636, 0.6567, 0.6739, 0.664, 0.6765, 0.6292, 0.6329, 0.6745, 0.639, 0.6711, 0.6559, 0.6594, 0.6264]]	
Results: 	[[0.6072, 0.6016, 0.6018, 0.6071, 0.617, 0.6119, 0.6074, 0.6125, 0.6002, 0.6103, 0.6056, 0.6145, 0.5941, 0.6188, 0.6196, 0.5893, 0.6218, 0.6172, 0.6042], [0.7215, 0.7018, 0.6923, 0.7169, 0.7342, 0.7175, 0.7189, 0.6942, 0.7111, 0.708, 0.725, 0.7351, 0.71, 0.7227, 0.7123, 0.6694, 0.7188, 0.7257, 0.7307], [0.6546, 0.6365, 0.6261, 0.6248, 0.6476, 0.6283, 0.6309, 0.6218, 0.5794, 0.6292, 0.6219, 0.6326, 0.6112, 0.6318, 0.6373, 0.6228, 0.6352, 0.6216, 0.6292], [0.6192, 0.5936, 0.6057, 0.5957, 0.5921, 0.6206, 0.5476, 0.5999, 0.5981, 0.5745, 0.6067, 0.6042, 0.6122, 0.6053, 0.5893, 0.5968, 0.6194, 0.6117, 0.6121], [0.5734, 0.5702, 0.5817, 0.5831, 0.5627, 0.585, 0.5827, 0.5747, 0.5939, 0.6068, 0.5903, 0.5884, 0.5703, 0.5523, 0.6048, 0.5727, 0.5936, 0.5752, 0.5774], [0.6237, 0.6648, 0.6769, 0.6444, 0.6501, 0.636, 0.6567, 0.6739, 0.664, 0.6765, 0.6292, 0.6329, 0.6745, 0.639, 0.6711, 0.6559, 0.6594, 0.6264, 0.6664]]	
Results: 	[[0.6072, 0.6016, 0.6018, 0.6071, 0.617, 0.6119, 0.6074, 0.6125, 0.6002, 0.6103, 0.6056, 0.6145, 0.5941, 0.6188, 0.6196, 0.5893, 0.6218, 0.6172, 0.6042, 0.6121], [0.7215, 0.7018, 0.6923, 0.7169, 0.7342, 0.7175, 0.7189, 0.6942, 0.7111, 0.708, 0.725, 0.7351, 0.71, 0.7227, 0.7123, 0.6694, 0.7188, 0.7257, 0.7307, 0.6972], [0.6546, 0.6365, 0.6261, 0.6248, 0.6476, 0.6283, 0.6309, 0.6218, 0.5794, 0.6292, 0.6219, 0.6326, 0.6112, 0.6318, 0.6373, 0.6228, 0.6352, 0.6216, 0.6292, 0.6188], [0.6192, 0.5936, 0.6057, 0.5957, 0.5921, 0.6206, 0.5476, 0.5999, 0.5981, 0.5745, 0.6067, 0.6042, 0.6122, 0.6053, 0.5893, 0.5968, 0.6194, 0.6117, 0.6121, 0.5992], [0.5734, 0.5702, 0.5817, 0.5831, 0.5627, 0.585, 0.5827, 0.5747, 0.5939, 0.6068, 0.5903, 0.5884, 0.5703, 0.5523, 0.6048, 0.5727, 0.5936, 0.5752, 0.5774, 0.5864], [0.6237, 0.6648, 0.6769, 0.6444, 0.6501, 0.636, 0.6567, 0.6739, 0.664, 0.6765, 0.6292, 0.6329, 0.6745, 0.639, 0.6711, 0.6559, 0.6594, 0.6264, 0.6664, 0.6497]]	
Results: 	[[0.6072, 0.6016, 0.6018, 0.6071, 0.617, 0.6119, 0.6074, 0.6125, 0.6002, 0.6103, 0.6056, 0.6145, 0.5941, 0.6188, 0.6196, 0.5893, 0.6218, 0.6172, 0.6042, 0.6121, 0.6243], [0.7215, 0.7018, 0.6923, 0.7169, 0.7342, 0.7175, 0.7189, 0.6942, 0.7111, 0.708, 0.725, 0.7351, 0.71, 0.7227, 0.7123, 0.6694, 0.7188, 0.7257, 0.7307, 0.6972, 0.7237], [0.6546, 0.6365, 0.6261, 0.6248, 0.6476, 0.6283, 0.6309, 0.6218, 0.5794, 0.6292, 0.6219, 0.6326, 0.6112, 0.6318, 0.6373, 0.6228, 0.6352, 0.6216, 0.6292, 0.6188, 0.6255], [0.6192, 0.5936, 0.6057, 0.5957, 0.5921, 0.6206, 0.5476, 0.5999, 0.5981, 0.5745, 0.6067, 0.6042, 0.6122, 0.6053, 0.5893, 0.5968, 0.6194, 0.6117, 0.6121, 0.5992, 0.6106], [0.5734, 0.5702, 0.5817, 0.5831, 0.5627, 0.585, 0.5827, 0.5747, 0.5939, 0.6068, 0.5903, 0.5884, 0.5703, 0.5523, 0.6048, 0.5727, 0.5936, 0.5752, 0.5774, 0.5864, 0.604], [0.6237, 0.6648, 0.6769, 0.6444, 0.6501, 0.636, 0.6567, 0.6739, 0.664, 0.6765, 0.6292, 0.6329, 0.6745, 0.639, 0.6711, 0.6559, 0.6594, 0.6264, 0.6664, 0.6497, 0.6513]]	
Results: 	[[0.6072, 0.6016, 0.6018, 0.6071, 0.617, 0.6119, 0.6074, 0.6125, 0.6002, 0.6103, 0.6056, 0.6145, 0.5941, 0.6188, 0.6196, 0.5893, 0.6218, 0.6172, 0.6042, 0.6121, 0.6243, 0.6121], [0.7215, 0.7018, 0.6923, 0.7169, 0.7342, 0.7175, 0.7189, 0.6942, 0.7111, 0.708, 0.725, 0.7351, 0.71, 0.7227, 0.7123, 0.6694, 0.7188, 0.7257, 0.7307, 0.6972, 0.7237, 0.7251], [0.6546, 0.6365, 0.6261, 0.6248, 0.6476, 0.6283, 0.6309, 0.6218, 0.5794, 0.6292, 0.6219, 0.6326, 0.6112, 0.6318, 0.6373, 0.6228, 0.6352, 0.6216, 0.6292, 0.6188, 0.6255, 0.6245], [0.6192, 0.5936, 0.6057, 0.5957, 0.5921, 0.6206, 0.5476, 0.5999, 0.5981, 0.5745, 0.6067, 0.6042, 0.6122, 0.6053, 0.5893, 0.5968, 0.6194, 0.6117, 0.6121, 0.5992, 0.6106, 0.6038], [0.5734, 0.5702, 0.5817, 0.5831, 0.5627, 0.585, 0.5827, 0.5747, 0.5939, 0.6068, 0.5903, 0.5884, 0.5703, 0.5523, 0.6048, 0.5727, 0.5936, 0.5752, 0.5774, 0.5864, 0.604, 0.5939], [0.6237, 0.6648, 0.6769, 0.6444, 0.6501, 0.636, 0.6567, 0.6739, 0.664, 0.6765, 0.6292, 0.6329, 0.6745, 0.639, 0.6711, 0.6559, 0.6594, 0.6264, 0.6664, 0.6497, 0.6513, 0.6436]]	
Results: 	[[0.6072, 0.6016, 0.6018, 0.6071, 0.617, 0.6119, 0.6074, 0.6125, 0.6002, 0.6103, 0.6056, 0.6145, 0.5941, 0.6188, 0.6196, 0.5893, 0.6218, 0.6172, 0.6042, 0.6121, 0.6243, 0.6121, 0.5986], [0.7215, 0.7018, 0.6923, 0.7169, 0.7342, 0.7175, 0.7189, 0.6942, 0.7111, 0.708, 0.725, 0.7351, 0.71, 0.7227, 0.7123, 0.6694, 0.7188, 0.7257, 0.7307, 0.6972, 0.7237, 0.7251, 0.7263], [0.6546, 0.6365, 0.6261, 0.6248, 0.6476, 0.6283, 0.6309, 0.6218, 0.5794, 0.6292, 0.6219, 0.6326, 0.6112, 0.6318, 0.6373, 0.6228, 0.6352, 0.6216, 0.6292, 0.6188, 0.6255, 0.6245, 0.6453], [0.6192, 0.5936, 0.6057, 0.5957, 0.5921, 0.6206, 0.5476, 0.5999, 0.5981, 0.5745, 0.6067, 0.6042, 0.6122, 0.6053, 0.5893, 0.5968, 0.6194, 0.6117, 0.6121, 0.5992, 0.6106, 0.6038, 0.6024], [0.5734, 0.5702, 0.5817, 0.5831, 0.5627, 0.585, 0.5827, 0.5747, 0.5939, 0.6068, 0.5903, 0.5884, 0.5703, 0.5523, 0.6048, 0.5727, 0.5936, 0.5752, 0.5774, 0.5864, 0.604, 0.5939, 0.5864], [0.6237, 0.6648, 0.6769, 0.6444, 0.6501, 0.636, 0.6567, 0.6739, 0.664, 0.6765, 0.6292, 0.6329, 0.6745, 0.639, 0.6711, 0.6559, 0.6594, 0.6264, 0.6664, 0.6497, 0.6513, 0.6436, 0.6616]]	
Results: 	[[0.6072, 0.6016, 0.6018, 0.6071, 0.617, 0.6119, 0.6074, 0.6125, 0.6002, 0.6103, 0.6056, 0.6145, 0.5941, 0.6188, 0.6196, 0.5893, 0.6218, 0.6172, 0.6042, 0.6121, 0.6243, 0.6121, 0.5986, 0.6157], [0.7215, 0.7018, 0.6923, 0.7169, 0.7342, 0.7175, 0.7189, 0.6942, 0.7111, 0.708, 0.725, 0.7351, 0.71, 0.7227, 0.7123, 0.6694, 0.7188, 0.7257, 0.7307, 0.6972, 0.7237, 0.7251, 0.7263, 0.7092], [0.6546, 0.6365, 0.6261, 0.6248, 0.6476, 0.6283, 0.6309, 0.6218, 0.5794, 0.6292, 0.6219, 0.6326, 0.6112, 0.6318, 0.6373, 0.6228, 0.6352, 0.6216, 0.6292, 0.6188, 0.6255, 0.6245, 0.6453, 0.6496], [0.6192, 0.5936, 0.6057, 0.5957, 0.5921, 0.6206, 0.5476, 0.5999, 0.5981, 0.5745, 0.6067, 0.6042, 0.6122, 0.6053, 0.5893, 0.5968, 0.6194, 0.6117, 0.6121, 0.5992, 0.6106, 0.6038, 0.6024, 0.5978], [0.5734, 0.5702, 0.5817, 0.5831, 0.5627, 0.585, 0.5827, 0.5747, 0.5939, 0.6068, 0.5903, 0.5884, 0.5703, 0.5523, 0.6048, 0.5727, 0.5936, 0.5752, 0.5774, 0.5864, 0.604, 0.5939, 0.5864, 0.5598], [0.6237, 0.6648, 0.6769, 0.6444, 0.6501, 0.636, 0.6567, 0.6739, 0.664, 0.6765, 0.6292, 0.6329, 0.6745, 0.639, 0.6711, 0.6559, 0.6594, 0.6264, 0.6664, 0.6497, 0.6513, 0.6436, 0.6616, 0.593]]	
Results: 	[[0.6072, 0.6016, 0.6018, 0.6071, 0.617, 0.6119, 0.6074, 0.6125, 0.6002, 0.6103, 0.6056, 0.6145, 0.5941, 0.6188, 0.6196, 0.5893, 0.6218, 0.6172, 0.6042, 0.6121, 0.6243, 0.6121, 0.5986, 0.6157, 0.6024], [0.7215, 0.7018, 0.6923, 0.7169, 0.7342, 0.7175, 0.7189, 0.6942, 0.7111, 0.708, 0.725, 0.7351, 0.71, 0.7227, 0.7123, 0.6694, 0.7188, 0.7257, 0.7307, 0.6972, 0.7237, 0.7251, 0.7263, 0.7092, 0.7054], [0.6546, 0.6365, 0.6261, 0.6248, 0.6476, 0.6283, 0.6309, 0.6218, 0.5794, 0.6292, 0.6219, 0.6326, 0.6112, 0.6318, 0.6373, 0.6228, 0.6352, 0.6216, 0.6292, 0.6188, 0.6255, 0.6245, 0.6453, 0.6496, 0.6113], [0.6192, 0.5936, 0.6057, 0.5957, 0.5921, 0.6206, 0.5476, 0.5999, 0.5981, 0.5745, 0.6067, 0.6042, 0.6122, 0.6053, 0.5893, 0.5968, 0.6194, 0.6117, 0.6121, 0.5992, 0.6106, 0.6038, 0.6024, 0.5978, 0.5997], [0.5734, 0.5702, 0.5817, 0.5831, 0.5627, 0.585, 0.5827, 0.5747, 0.5939, 0.6068, 0.5903, 0.5884, 0.5703, 0.5523, 0.6048, 0.5727, 0.5936, 0.5752, 0.5774, 0.5864, 0.604, 0.5939, 0.5864, 0.5598, 0.5561], [0.6237, 0.6648, 0.6769, 0.6444, 0.6501, 0.636, 0.6567, 0.6739, 0.664, 0.6765, 0.6292, 0.6329, 0.6745, 0.639, 0.6711, 0.6559, 0.6594, 0.6264, 0.6664, 0.6497, 0.6513, 0.6436, 0.6616, 0.593, 0.6655]]	
Results: 	[[0.6072, 0.6016, 0.6018, 0.6071, 0.617, 0.6119, 0.6074, 0.6125, 0.6002, 0.6103, 0.6056, 0.6145, 0.5941, 0.6188, 0.6196, 0.5893, 0.6218, 0.6172, 0.6042, 0.6121, 0.6243, 0.6121, 0.5986, 0.6157, 0.6024, 0.5981], [0.7215, 0.7018, 0.6923, 0.7169, 0.7342, 0.7175, 0.7189, 0.6942, 0.7111, 0.708, 0.725, 0.7351, 0.71, 0.7227, 0.7123, 0.6694, 0.7188, 0.7257, 0.7307, 0.6972, 0.7237, 0.7251, 0.7263, 0.7092, 0.7054, 0.6996], [0.6546, 0.6365, 0.6261, 0.6248, 0.6476, 0.6283, 0.6309, 0.6218, 0.5794, 0.6292, 0.6219, 0.6326, 0.6112, 0.6318, 0.6373, 0.6228, 0.6352, 0.6216, 0.6292, 0.6188, 0.6255, 0.6245, 0.6453, 0.6496, 0.6113, 0.6208], [0.6192, 0.5936, 0.6057, 0.5957, 0.5921, 0.6206, 0.5476, 0.5999, 0.5981, 0.5745, 0.6067, 0.6042, 0.6122, 0.6053, 0.5893, 0.5968, 0.6194, 0.6117, 0.6121, 0.5992, 0.6106, 0.6038, 0.6024, 0.5978, 0.5997, 0.613], [0.5734, 0.5702, 0.5817, 0.5831, 0.5627, 0.585, 0.5827, 0.5747, 0.5939, 0.6068, 0.5903, 0.5884, 0.5703, 0.5523, 0.6048, 0.5727, 0.5936, 0.5752, 0.5774, 0.5864, 0.604, 0.5939, 0.5864, 0.5598, 0.5561, 0.5741], [0.6237, 0.6648, 0.6769, 0.6444, 0.6501, 0.636, 0.6567, 0.6739, 0.664, 0.6765, 0.6292, 0.6329, 0.6745, 0.639, 0.6711, 0.6559, 0.6594, 0.6264, 0.6664, 0.6497, 0.6513, 0.6436, 0.6616, 0.593, 0.6655, 0.6413]]	
Results: 	[[0.6072, 0.6016, 0.6018, 0.6071, 0.617, 0.6119, 0.6074, 0.6125, 0.6002, 0.6103, 0.6056, 0.6145, 0.5941, 0.6188, 0.6196, 0.5893, 0.6218, 0.6172, 0.6042, 0.6121, 0.6243, 0.6121, 0.5986, 0.6157, 0.6024, 0.5981, 0.6053], [0.7215, 0.7018, 0.6923, 0.7169, 0.7342, 0.7175, 0.7189, 0.6942, 0.7111, 0.708, 0.725, 0.7351, 0.71, 0.7227, 0.7123, 0.6694, 0.7188, 0.7257, 0.7307, 0.6972, 0.7237, 0.7251, 0.7263, 0.7092, 0.7054, 0.6996, 0.7285], [0.6546, 0.6365, 0.6261, 0.6248, 0.6476, 0.6283, 0.6309, 0.6218, 0.5794, 0.6292, 0.6219, 0.6326, 0.6112, 0.6318, 0.6373, 0.6228, 0.6352, 0.6216, 0.6292, 0.6188, 0.6255, 0.6245, 0.6453, 0.6496, 0.6113, 0.6208, 0.6316], [0.6192, 0.5936, 0.6057, 0.5957, 0.5921, 0.6206, 0.5476, 0.5999, 0.5981, 0.5745, 0.6067, 0.6042, 0.6122, 0.6053, 0.5893, 0.5968, 0.6194, 0.6117, 0.6121, 0.5992, 0.6106, 0.6038, 0.6024, 0.5978, 0.5997, 0.613, 0.5979], [0.5734, 0.5702, 0.5817, 0.5831, 0.5627, 0.585, 0.5827, 0.5747, 0.5939, 0.6068, 0.5903, 0.5884, 0.5703, 0.5523, 0.6048, 0.5727, 0.5936, 0.5752, 0.5774, 0.5864, 0.604, 0.5939, 0.5864, 0.5598, 0.5561, 0.5741, 0.5784], [0.6237, 0.6648, 0.6769, 0.6444, 0.6501, 0.636, 0.6567, 0.6739, 0.664, 0.6765, 0.6292, 0.6329, 0.6745, 0.639, 0.6711, 0.6559, 0.6594, 0.6264, 0.6664, 0.6497, 0.6513, 0.6436, 0.6616, 0.593, 0.6655, 0.6413, 0.6392]]	
Results: 	[[0.6072, 0.6016, 0.6018, 0.6071, 0.617, 0.6119, 0.6074, 0.6125, 0.6002, 0.6103, 0.6056, 0.6145, 0.5941, 0.6188, 0.6196, 0.5893, 0.6218, 0.6172, 0.6042, 0.6121, 0.6243, 0.6121, 0.5986, 0.6157, 0.6024, 0.5981, 0.6053, 0.607], [0.7215, 0.7018, 0.6923, 0.7169, 0.7342, 0.7175, 0.7189, 0.6942, 0.7111, 0.708, 0.725, 0.7351, 0.71, 0.7227, 0.7123, 0.6694, 0.7188, 0.7257, 0.7307, 0.6972, 0.7237, 0.7251, 0.7263, 0.7092, 0.7054, 0.6996, 0.7285, 0.6966], [0.6546, 0.6365, 0.6261, 0.6248, 0.6476, 0.6283, 0.6309, 0.6218, 0.5794, 0.6292, 0.6219, 0.6326, 0.6112, 0.6318, 0.6373, 0.6228, 0.6352, 0.6216, 0.6292, 0.6188, 0.6255, 0.6245, 0.6453, 0.6496, 0.6113, 0.6208, 0.6316, 0.6334], [0.6192, 0.5936, 0.6057, 0.5957, 0.5921, 0.6206, 0.5476, 0.5999, 0.5981, 0.5745, 0.6067, 0.6042, 0.6122, 0.6053, 0.5893, 0.5968, 0.6194, 0.6117, 0.6121, 0.5992, 0.6106, 0.6038, 0.6024, 0.5978, 0.5997, 0.613, 0.5979, 0.6036], [0.5734, 0.5702, 0.5817, 0.5831, 0.5627, 0.585, 0.5827, 0.5747, 0.5939, 0.6068, 0.5903, 0.5884, 0.5703, 0.5523, 0.6048, 0.5727, 0.5936, 0.5752, 0.5774, 0.5864, 0.604, 0.5939, 0.5864, 0.5598, 0.5561, 0.5741, 0.5784, 0.5754], [0.6237, 0.6648, 0.6769, 0.6444, 0.6501, 0.636, 0.6567, 0.6739, 0.664, 0.6765, 0.6292, 0.6329, 0.6745, 0.639, 0.6711, 0.6559, 0.6594, 0.6264, 0.6664, 0.6497, 0.6513, 0.6436, 0.6616, 0.593, 0.6655, 0.6413, 0.6392, 0.66]]	
Results: 	[[0.6072, 0.6016, 0.6018, 0.6071, 0.617, 0.6119, 0.6074, 0.6125, 0.6002, 0.6103, 0.6056, 0.6145, 0.5941, 0.6188, 0.6196, 0.5893, 0.6218, 0.6172, 0.6042, 0.6121, 0.6243, 0.6121, 0.5986, 0.6157, 0.6024, 0.5981, 0.6053, 0.607, 0.6231], [0.7215, 0.7018, 0.6923, 0.7169, 0.7342, 0.7175, 0.7189, 0.6942, 0.7111, 0.708, 0.725, 0.7351, 0.71, 0.7227, 0.7123, 0.6694, 0.7188, 0.7257, 0.7307, 0.6972, 0.7237, 0.7251, 0.7263, 0.7092, 0.7054, 0.6996, 0.7285, 0.6966, 0.7211], [0.6546, 0.6365, 0.6261, 0.6248, 0.6476, 0.6283, 0.6309, 0.6218, 0.5794, 0.6292, 0.6219, 0.6326, 0.6112, 0.6318, 0.6373, 0.6228, 0.6352, 0.6216, 0.6292, 0.6188, 0.6255, 0.6245, 0.6453, 0.6496, 0.6113, 0.6208, 0.6316, 0.6334, 0.5993], [0.6192, 0.5936, 0.6057, 0.5957, 0.5921, 0.6206, 0.5476, 0.5999, 0.5981, 0.5745, 0.6067, 0.6042, 0.6122, 0.6053, 0.5893, 0.5968, 0.6194, 0.6117, 0.6121, 0.5992, 0.6106, 0.6038, 0.6024, 0.5978, 0.5997, 0.613, 0.5979, 0.6036, 0.6062], [0.5734, 0.5702, 0.5817, 0.5831, 0.5627, 0.585, 0.5827, 0.5747, 0.5939, 0.6068, 0.5903, 0.5884, 0.5703, 0.5523, 0.6048, 0.5727, 0.5936, 0.5752, 0.5774, 0.5864, 0.604, 0.5939, 0.5864, 0.5598, 0.5561, 0.5741, 0.5784, 0.5754, 0.5946], [0.6237, 0.6648, 0.6769, 0.6444, 0.6501, 0.636, 0.6567, 0.6739, 0.664, 0.6765, 0.6292, 0.6329, 0.6745, 0.639, 0.6711, 0.6559, 0.6594, 0.6264, 0.6664, 0.6497, 0.6513, 0.6436, 0.6616, 0.593, 0.6655, 0.6413, 0.6392, 0.66, 0.6719]]	
Results: 	[[0.6072, 0.6016, 0.6018, 0.6071, 0.617, 0.6119, 0.6074, 0.6125, 0.6002, 0.6103, 0.6056, 0.6145, 0.5941, 0.6188, 0.6196, 0.5893, 0.6218, 0.6172, 0.6042, 0.6121, 0.6243, 0.6121, 0.5986, 0.6157, 0.6024, 0.5981, 0.6053, 0.607, 0.6231, 0.6137], [0.7215, 0.7018, 0.6923, 0.7169, 0.7342, 0.7175, 0.7189, 0.6942, 0.7111, 0.708, 0.725, 0.7351, 0.71, 0.7227, 0.7123, 0.6694, 0.7188, 0.7257, 0.7307, 0.6972, 0.7237, 0.7251, 0.7263, 0.7092, 0.7054, 0.6996, 0.7285, 0.6966, 0.7211, 0.7108], [0.6546, 0.6365, 0.6261, 0.6248, 0.6476, 0.6283, 0.6309, 0.6218, 0.5794, 0.6292, 0.6219, 0.6326, 0.6112, 0.6318, 0.6373, 0.6228, 0.6352, 0.6216, 0.6292, 0.6188, 0.6255, 0.6245, 0.6453, 0.6496, 0.6113, 0.6208, 0.6316, 0.6334, 0.5993, 0.6275], [0.6192, 0.5936, 0.6057, 0.5957, 0.5921, 0.6206, 0.5476, 0.5999, 0.5981, 0.5745, 0.6067, 0.6042, 0.6122, 0.6053, 0.5893, 0.5968, 0.6194, 0.6117, 0.6121, 0.5992, 0.6106, 0.6038, 0.6024, 0.5978, 0.5997, 0.613, 0.5979, 0.6036, 0.6062, 0.5909], [0.5734, 0.5702, 0.5817, 0.5831, 0.5627, 0.585, 0.5827, 0.5747, 0.5939, 0.6068, 0.5903, 0.5884, 0.5703, 0.5523, 0.6048, 0.5727, 0.5936, 0.5752, 0.5774, 0.5864, 0.604, 0.5939, 0.5864, 0.5598, 0.5561, 0.5741, 0.5784, 0.5754, 0.5946, 0.5854], [0.6237, 0.6648, 0.6769, 0.6444, 0.6501, 0.636, 0.6567, 0.6739, 0.664, 0.6765, 0.6292, 0.6329, 0.6745, 0.639, 0.6711, 0.6559, 0.6594, 0.6264, 0.6664, 0.6497, 0.6513, 0.6436, 0.6616, 0.593, 0.6655, 0.6413, 0.6392, 0.66, 0.6719, 0.6415]]
30 Support Sets: (Mean:0.60915, SD:0.008711615314010965) | 	30 Support Sets: (Mean:0.7136533333333334, SD:0.014597064734068096) | 	30 Support Sets: (Mean:0.6270133333333333, SD:0.014606983056846067) | 	30 Support Sets: (Mean:0.6009933333333334, SD:0.014126251750048458) | 	30 Support Sets: (Mean:0.5811233333333333, SD:0.013693332969591146) | 	30 Support Sets: (Mean:0.6513466666666666, SD:0.019184220048012766) | 	
