Results: 	[[0.7069], [0.7401], [0.7253], [0.7224], [0.6552], [0.747]]	
Results: 	[[0.7069, 0.7108], [0.7401, 0.7409], [0.7253, 0.7218], [0.7224, 0.7248], [0.6552, 0.6563], [0.747, 0.7489]]	
Results: 	[[0.7069, 0.7108, 0.7085], [0.7401, 0.7409, 0.7362], [0.7253, 0.7218, 0.7278], [0.7224, 0.7248, 0.7274], [0.6552, 0.6563, 0.6531], [0.747, 0.7489, 0.7474]]	
Results: 	[[0.7069, 0.7108, 0.7085, 0.7086], [0.7401, 0.7409, 0.7362, 0.743], [0.7253, 0.7218, 0.7278, 0.7261], [0.7224, 0.7248, 0.7274, 0.7256], [0.6552, 0.6563, 0.6531, 0.6506], [0.747, 0.7489, 0.7474, 0.7419]]	
Results: 	[[0.7069, 0.7108, 0.7085, 0.7086, 0.7091], [0.7401, 0.7409, 0.7362, 0.743, 0.7492], [0.7253, 0.7218, 0.7278, 0.7261, 0.7188], [0.7224, 0.7248, 0.7274, 0.7256, 0.7254], [0.6552, 0.6563, 0.6531, 0.6506, 0.6615], [0.747, 0.7489, 0.7474, 0.7419, 0.7418]]	
Results: 	[[0.7069, 0.7108, 0.7085, 0.7086, 0.7091, 0.7103], [0.7401, 0.7409, 0.7362, 0.743, 0.7492, 0.7415], [0.7253, 0.7218, 0.7278, 0.7261, 0.7188, 0.7264], [0.7224, 0.7248, 0.7274, 0.7256, 0.7254, 0.7288], [0.6552, 0.6563, 0.6531, 0.6506, 0.6615, 0.6587], [0.747, 0.7489, 0.7474, 0.7419, 0.7418, 0.7375]]	
Results: 	[[0.7069, 0.7108, 0.7085, 0.7086, 0.7091, 0.7103, 0.7128], [0.7401, 0.7409, 0.7362, 0.743, 0.7492, 0.7415, 0.7446], [0.7253, 0.7218, 0.7278, 0.7261, 0.7188, 0.7264, 0.7225], [0.7224, 0.7248, 0.7274, 0.7256, 0.7254, 0.7288, 0.725], [0.6552, 0.6563, 0.6531, 0.6506, 0.6615, 0.6587, 0.6591], [0.747, 0.7489, 0.7474, 0.7419, 0.7418, 0.7375, 0.7458]]	
Results: 	[[0.7069, 0.7108, 0.7085, 0.7086, 0.7091, 0.7103, 0.7128, 0.7112], [0.7401, 0.7409, 0.7362, 0.743, 0.7492, 0.7415, 0.7446, 0.7419], [0.7253, 0.7218, 0.7278, 0.7261, 0.7188, 0.7264, 0.7225, 0.717], [0.7224, 0.7248, 0.7274, 0.7256, 0.7254, 0.7288, 0.725, 0.7232], [0.6552, 0.6563, 0.6531, 0.6506, 0.6615, 0.6587, 0.6591, 0.6613], [0.747, 0.7489, 0.7474, 0.7419, 0.7418, 0.7375, 0.7458, 0.7458]]	
Results: 	[[0.7069, 0.7108, 0.7085, 0.7086, 0.7091, 0.7103, 0.7128, 0.7112, 0.7118], [0.7401, 0.7409, 0.7362, 0.743, 0.7492, 0.7415, 0.7446, 0.7419, 0.743], [0.7253, 0.7218, 0.7278, 0.7261, 0.7188, 0.7264, 0.7225, 0.717, 0.7238], [0.7224, 0.7248, 0.7274, 0.7256, 0.7254, 0.7288, 0.725, 0.7232, 0.7289], [0.6552, 0.6563, 0.6531, 0.6506, 0.6615, 0.6587, 0.6591, 0.6613, 0.6527], [0.747, 0.7489, 0.7474, 0.7419, 0.7418, 0.7375, 0.7458, 0.7458, 0.7417]]	
Results: 	[[0.7069, 0.7108, 0.7085, 0.7086, 0.7091, 0.7103, 0.7128, 0.7112, 0.7118, 0.7075], [0.7401, 0.7409, 0.7362, 0.743, 0.7492, 0.7415, 0.7446, 0.7419, 0.743, 0.7441], [0.7253, 0.7218, 0.7278, 0.7261, 0.7188, 0.7264, 0.7225, 0.717, 0.7238, 0.7237], [0.7224, 0.7248, 0.7274, 0.7256, 0.7254, 0.7288, 0.725, 0.7232, 0.7289, 0.7241], [0.6552, 0.6563, 0.6531, 0.6506, 0.6615, 0.6587, 0.6591, 0.6613, 0.6527, 0.6462], [0.747, 0.7489, 0.7474, 0.7419, 0.7418, 0.7375, 0.7458, 0.7458, 0.7417, 0.7425]]	
Results: 	[[0.7069, 0.7108, 0.7085, 0.7086, 0.7091, 0.7103, 0.7128, 0.7112, 0.7118, 0.7075, 0.7102], [0.7401, 0.7409, 0.7362, 0.743, 0.7492, 0.7415, 0.7446, 0.7419, 0.743, 0.7441, 0.7506], [0.7253, 0.7218, 0.7278, 0.7261, 0.7188, 0.7264, 0.7225, 0.717, 0.7238, 0.7237, 0.7271], [0.7224, 0.7248, 0.7274, 0.7256, 0.7254, 0.7288, 0.725, 0.7232, 0.7289, 0.7241, 0.7281], [0.6552, 0.6563, 0.6531, 0.6506, 0.6615, 0.6587, 0.6591, 0.6613, 0.6527, 0.6462, 0.6598], [0.747, 0.7489, 0.7474, 0.7419, 0.7418, 0.7375, 0.7458, 0.7458, 0.7417, 0.7425, 0.7348]]	
Results: 	[[0.7069, 0.7108, 0.7085, 0.7086, 0.7091, 0.7103, 0.7128, 0.7112, 0.7118, 0.7075, 0.7102, 0.7133], [0.7401, 0.7409, 0.7362, 0.743, 0.7492, 0.7415, 0.7446, 0.7419, 0.743, 0.7441, 0.7506, 0.7523], [0.7253, 0.7218, 0.7278, 0.7261, 0.7188, 0.7264, 0.7225, 0.717, 0.7238, 0.7237, 0.7271, 0.7304], [0.7224, 0.7248, 0.7274, 0.7256, 0.7254, 0.7288, 0.725, 0.7232, 0.7289, 0.7241, 0.7281, 0.7288], [0.6552, 0.6563, 0.6531, 0.6506, 0.6615, 0.6587, 0.6591, 0.6613, 0.6527, 0.6462, 0.6598, 0.6547], [0.747, 0.7489, 0.7474, 0.7419, 0.7418, 0.7375, 0.7458, 0.7458, 0.7417, 0.7425, 0.7348, 0.7357]]	
Results: 	[[0.7069, 0.7108, 0.7085, 0.7086, 0.7091, 0.7103, 0.7128, 0.7112, 0.7118, 0.7075, 0.7102, 0.7133, 0.7091], [0.7401, 0.7409, 0.7362, 0.743, 0.7492, 0.7415, 0.7446, 0.7419, 0.743, 0.7441, 0.7506, 0.7523, 0.7372], [0.7253, 0.7218, 0.7278, 0.7261, 0.7188, 0.7264, 0.7225, 0.717, 0.7238, 0.7237, 0.7271, 0.7304, 0.7208], [0.7224, 0.7248, 0.7274, 0.7256, 0.7254, 0.7288, 0.725, 0.7232, 0.7289, 0.7241, 0.7281, 0.7288, 0.729], [0.6552, 0.6563, 0.6531, 0.6506, 0.6615, 0.6587, 0.6591, 0.6613, 0.6527, 0.6462, 0.6598, 0.6547, 0.6682], [0.747, 0.7489, 0.7474, 0.7419, 0.7418, 0.7375, 0.7458, 0.7458, 0.7417, 0.7425, 0.7348, 0.7357, 0.7511]]	
Results: 	[[0.7069, 0.7108, 0.7085, 0.7086, 0.7091, 0.7103, 0.7128, 0.7112, 0.7118, 0.7075, 0.7102, 0.7133, 0.7091, 0.7106], [0.7401, 0.7409, 0.7362, 0.743, 0.7492, 0.7415, 0.7446, 0.7419, 0.743, 0.7441, 0.7506, 0.7523, 0.7372, 0.7481], [0.7253, 0.7218, 0.7278, 0.7261, 0.7188, 0.7264, 0.7225, 0.717, 0.7238, 0.7237, 0.7271, 0.7304, 0.7208, 0.727], [0.7224, 0.7248, 0.7274, 0.7256, 0.7254, 0.7288, 0.725, 0.7232, 0.7289, 0.7241, 0.7281, 0.7288, 0.729, 0.7247], [0.6552, 0.6563, 0.6531, 0.6506, 0.6615, 0.6587, 0.6591, 0.6613, 0.6527, 0.6462, 0.6598, 0.6547, 0.6682, 0.6725], [0.747, 0.7489, 0.7474, 0.7419, 0.7418, 0.7375, 0.7458, 0.7458, 0.7417, 0.7425, 0.7348, 0.7357, 0.7511, 0.7478]]	
Results: 	[[0.7069, 0.7108, 0.7085, 0.7086, 0.7091, 0.7103, 0.7128, 0.7112, 0.7118, 0.7075, 0.7102, 0.7133, 0.7091, 0.7106, 0.7107], [0.7401, 0.7409, 0.7362, 0.743, 0.7492, 0.7415, 0.7446, 0.7419, 0.743, 0.7441, 0.7506, 0.7523, 0.7372, 0.7481, 0.7408], [0.7253, 0.7218, 0.7278, 0.7261, 0.7188, 0.7264, 0.7225, 0.717, 0.7238, 0.7237, 0.7271, 0.7304, 0.7208, 0.727, 0.7253], [0.7224, 0.7248, 0.7274, 0.7256, 0.7254, 0.7288, 0.725, 0.7232, 0.7289, 0.7241, 0.7281, 0.7288, 0.729, 0.7247, 0.7319], [0.6552, 0.6563, 0.6531, 0.6506, 0.6615, 0.6587, 0.6591, 0.6613, 0.6527, 0.6462, 0.6598, 0.6547, 0.6682, 0.6725, 0.6647], [0.747, 0.7489, 0.7474, 0.7419, 0.7418, 0.7375, 0.7458, 0.7458, 0.7417, 0.7425, 0.7348, 0.7357, 0.7511, 0.7478, 0.7379]]	
Results: 	[[0.7069, 0.7108, 0.7085, 0.7086, 0.7091, 0.7103, 0.7128, 0.7112, 0.7118, 0.7075, 0.7102, 0.7133, 0.7091, 0.7106, 0.7107, 0.7095], [0.7401, 0.7409, 0.7362, 0.743, 0.7492, 0.7415, 0.7446, 0.7419, 0.743, 0.7441, 0.7506, 0.7523, 0.7372, 0.7481, 0.7408, 0.7498], [0.7253, 0.7218, 0.7278, 0.7261, 0.7188, 0.7264, 0.7225, 0.717, 0.7238, 0.7237, 0.7271, 0.7304, 0.7208, 0.727, 0.7253, 0.7279], [0.7224, 0.7248, 0.7274, 0.7256, 0.7254, 0.7288, 0.725, 0.7232, 0.7289, 0.7241, 0.7281, 0.7288, 0.729, 0.7247, 0.7319, 0.7239], [0.6552, 0.6563, 0.6531, 0.6506, 0.6615, 0.6587, 0.6591, 0.6613, 0.6527, 0.6462, 0.6598, 0.6547, 0.6682, 0.6725, 0.6647, 0.6565], [0.747, 0.7489, 0.7474, 0.7419, 0.7418, 0.7375, 0.7458, 0.7458, 0.7417, 0.7425, 0.7348, 0.7357, 0.7511, 0.7478, 0.7379, 0.7378]]	
Results: 	[[0.7069, 0.7108, 0.7085, 0.7086, 0.7091, 0.7103, 0.7128, 0.7112, 0.7118, 0.7075, 0.7102, 0.7133, 0.7091, 0.7106, 0.7107, 0.7095, 0.7091], [0.7401, 0.7409, 0.7362, 0.743, 0.7492, 0.7415, 0.7446, 0.7419, 0.743, 0.7441, 0.7506, 0.7523, 0.7372, 0.7481, 0.7408, 0.7498, 0.7395], [0.7253, 0.7218, 0.7278, 0.7261, 0.7188, 0.7264, 0.7225, 0.717, 0.7238, 0.7237, 0.7271, 0.7304, 0.7208, 0.727, 0.7253, 0.7279, 0.7249], [0.7224, 0.7248, 0.7274, 0.7256, 0.7254, 0.7288, 0.725, 0.7232, 0.7289, 0.7241, 0.7281, 0.7288, 0.729, 0.7247, 0.7319, 0.7239, 0.7322], [0.6552, 0.6563, 0.6531, 0.6506, 0.6615, 0.6587, 0.6591, 0.6613, 0.6527, 0.6462, 0.6598, 0.6547, 0.6682, 0.6725, 0.6647, 0.6565, 0.6439], [0.747, 0.7489, 0.7474, 0.7419, 0.7418, 0.7375, 0.7458, 0.7458, 0.7417, 0.7425, 0.7348, 0.7357, 0.7511, 0.7478, 0.7379, 0.7378, 0.7439]]	
Results: 	[[0.7069, 0.7108, 0.7085, 0.7086, 0.7091, 0.7103, 0.7128, 0.7112, 0.7118, 0.7075, 0.7102, 0.7133, 0.7091, 0.7106, 0.7107, 0.7095, 0.7091, 0.7102], [0.7401, 0.7409, 0.7362, 0.743, 0.7492, 0.7415, 0.7446, 0.7419, 0.743, 0.7441, 0.7506, 0.7523, 0.7372, 0.7481, 0.7408, 0.7498, 0.7395, 0.7485], [0.7253, 0.7218, 0.7278, 0.7261, 0.7188, 0.7264, 0.7225, 0.717, 0.7238, 0.7237, 0.7271, 0.7304, 0.7208, 0.727, 0.7253, 0.7279, 0.7249, 0.733], [0.7224, 0.7248, 0.7274, 0.7256, 0.7254, 0.7288, 0.725, 0.7232, 0.7289, 0.7241, 0.7281, 0.7288, 0.729, 0.7247, 0.7319, 0.7239, 0.7322, 0.7282], [0.6552, 0.6563, 0.6531, 0.6506, 0.6615, 0.6587, 0.6591, 0.6613, 0.6527, 0.6462, 0.6598, 0.6547, 0.6682, 0.6725, 0.6647, 0.6565, 0.6439, 0.667], [0.747, 0.7489, 0.7474, 0.7419, 0.7418, 0.7375, 0.7458, 0.7458, 0.7417, 0.7425, 0.7348, 0.7357, 0.7511, 0.7478, 0.7379, 0.7378, 0.7439, 0.7486]]	
Results: 	[[0.7069, 0.7108, 0.7085, 0.7086, 0.7091, 0.7103, 0.7128, 0.7112, 0.7118, 0.7075, 0.7102, 0.7133, 0.7091, 0.7106, 0.7107, 0.7095, 0.7091, 0.7102, 0.7124], [0.7401, 0.7409, 0.7362, 0.743, 0.7492, 0.7415, 0.7446, 0.7419, 0.743, 0.7441, 0.7506, 0.7523, 0.7372, 0.7481, 0.7408, 0.7498, 0.7395, 0.7485, 0.7407], [0.7253, 0.7218, 0.7278, 0.7261, 0.7188, 0.7264, 0.7225, 0.717, 0.7238, 0.7237, 0.7271, 0.7304, 0.7208, 0.727, 0.7253, 0.7279, 0.7249, 0.733, 0.7255], [0.7224, 0.7248, 0.7274, 0.7256, 0.7254, 0.7288, 0.725, 0.7232, 0.7289, 0.7241, 0.7281, 0.7288, 0.729, 0.7247, 0.7319, 0.7239, 0.7322, 0.7282, 0.7278], [0.6552, 0.6563, 0.6531, 0.6506, 0.6615, 0.6587, 0.6591, 0.6613, 0.6527, 0.6462, 0.6598, 0.6547, 0.6682, 0.6725, 0.6647, 0.6565, 0.6439, 0.667, 0.655], [0.747, 0.7489, 0.7474, 0.7419, 0.7418, 0.7375, 0.7458, 0.7458, 0.7417, 0.7425, 0.7348, 0.7357, 0.7511, 0.7478, 0.7379, 0.7378, 0.7439, 0.7486, 0.7486]]	
Results: 	[[0.7069, 0.7108, 0.7085, 0.7086, 0.7091, 0.7103, 0.7128, 0.7112, 0.7118, 0.7075, 0.7102, 0.7133, 0.7091, 0.7106, 0.7107, 0.7095, 0.7091, 0.7102, 0.7124, 0.7102], [0.7401, 0.7409, 0.7362, 0.743, 0.7492, 0.7415, 0.7446, 0.7419, 0.743, 0.7441, 0.7506, 0.7523, 0.7372, 0.7481, 0.7408, 0.7498, 0.7395, 0.7485, 0.7407, 0.74], [0.7253, 0.7218, 0.7278, 0.7261, 0.7188, 0.7264, 0.7225, 0.717, 0.7238, 0.7237, 0.7271, 0.7304, 0.7208, 0.727, 0.7253, 0.7279, 0.7249, 0.733, 0.7255, 0.7223], [0.7224, 0.7248, 0.7274, 0.7256, 0.7254, 0.7288, 0.725, 0.7232, 0.7289, 0.7241, 0.7281, 0.7288, 0.729, 0.7247, 0.7319, 0.7239, 0.7322, 0.7282, 0.7278, 0.723], [0.6552, 0.6563, 0.6531, 0.6506, 0.6615, 0.6587, 0.6591, 0.6613, 0.6527, 0.6462, 0.6598, 0.6547, 0.6682, 0.6725, 0.6647, 0.6565, 0.6439, 0.667, 0.655, 0.6621], [0.747, 0.7489, 0.7474, 0.7419, 0.7418, 0.7375, 0.7458, 0.7458, 0.7417, 0.7425, 0.7348, 0.7357, 0.7511, 0.7478, 0.7379, 0.7378, 0.7439, 0.7486, 0.7486, 0.7484]]	
Results: 	[[0.7069, 0.7108, 0.7085, 0.7086, 0.7091, 0.7103, 0.7128, 0.7112, 0.7118, 0.7075, 0.7102, 0.7133, 0.7091, 0.7106, 0.7107, 0.7095, 0.7091, 0.7102, 0.7124, 0.7102, 0.7105], [0.7401, 0.7409, 0.7362, 0.743, 0.7492, 0.7415, 0.7446, 0.7419, 0.743, 0.7441, 0.7506, 0.7523, 0.7372, 0.7481, 0.7408, 0.7498, 0.7395, 0.7485, 0.7407, 0.74, 0.7459], [0.7253, 0.7218, 0.7278, 0.7261, 0.7188, 0.7264, 0.7225, 0.717, 0.7238, 0.7237, 0.7271, 0.7304, 0.7208, 0.727, 0.7253, 0.7279, 0.7249, 0.733, 0.7255, 0.7223, 0.7278], [0.7224, 0.7248, 0.7274, 0.7256, 0.7254, 0.7288, 0.725, 0.7232, 0.7289, 0.7241, 0.7281, 0.7288, 0.729, 0.7247, 0.7319, 0.7239, 0.7322, 0.7282, 0.7278, 0.723, 0.7236], [0.6552, 0.6563, 0.6531, 0.6506, 0.6615, 0.6587, 0.6591, 0.6613, 0.6527, 0.6462, 0.6598, 0.6547, 0.6682, 0.6725, 0.6647, 0.6565, 0.6439, 0.667, 0.655, 0.6621, 0.652], [0.747, 0.7489, 0.7474, 0.7419, 0.7418, 0.7375, 0.7458, 0.7458, 0.7417, 0.7425, 0.7348, 0.7357, 0.7511, 0.7478, 0.7379, 0.7378, 0.7439, 0.7486, 0.7486, 0.7484, 0.7462]]	
Results: 	[[0.7069, 0.7108, 0.7085, 0.7086, 0.7091, 0.7103, 0.7128, 0.7112, 0.7118, 0.7075, 0.7102, 0.7133, 0.7091, 0.7106, 0.7107, 0.7095, 0.7091, 0.7102, 0.7124, 0.7102, 0.7105, 0.7101], [0.7401, 0.7409, 0.7362, 0.743, 0.7492, 0.7415, 0.7446, 0.7419, 0.743, 0.7441, 0.7506, 0.7523, 0.7372, 0.7481, 0.7408, 0.7498, 0.7395, 0.7485, 0.7407, 0.74, 0.7459, 0.7426], [0.7253, 0.7218, 0.7278, 0.7261, 0.7188, 0.7264, 0.7225, 0.717, 0.7238, 0.7237, 0.7271, 0.7304, 0.7208, 0.727, 0.7253, 0.7279, 0.7249, 0.733, 0.7255, 0.7223, 0.7278, 0.7227], [0.7224, 0.7248, 0.7274, 0.7256, 0.7254, 0.7288, 0.725, 0.7232, 0.7289, 0.7241, 0.7281, 0.7288, 0.729, 0.7247, 0.7319, 0.7239, 0.7322, 0.7282, 0.7278, 0.723, 0.7236, 0.7258], [0.6552, 0.6563, 0.6531, 0.6506, 0.6615, 0.6587, 0.6591, 0.6613, 0.6527, 0.6462, 0.6598, 0.6547, 0.6682, 0.6725, 0.6647, 0.6565, 0.6439, 0.667, 0.655, 0.6621, 0.652, 0.6506], [0.747, 0.7489, 0.7474, 0.7419, 0.7418, 0.7375, 0.7458, 0.7458, 0.7417, 0.7425, 0.7348, 0.7357, 0.7511, 0.7478, 0.7379, 0.7378, 0.7439, 0.7486, 0.7486, 0.7484, 0.7462, 0.74]]	
Results: 	[[0.7069, 0.7108, 0.7085, 0.7086, 0.7091, 0.7103, 0.7128, 0.7112, 0.7118, 0.7075, 0.7102, 0.7133, 0.7091, 0.7106, 0.7107, 0.7095, 0.7091, 0.7102, 0.7124, 0.7102, 0.7105, 0.7101, 0.7091], [0.7401, 0.7409, 0.7362, 0.743, 0.7492, 0.7415, 0.7446, 0.7419, 0.743, 0.7441, 0.7506, 0.7523, 0.7372, 0.7481, 0.7408, 0.7498, 0.7395, 0.7485, 0.7407, 0.74, 0.7459, 0.7426, 0.7356], [0.7253, 0.7218, 0.7278, 0.7261, 0.7188, 0.7264, 0.7225, 0.717, 0.7238, 0.7237, 0.7271, 0.7304, 0.7208, 0.727, 0.7253, 0.7279, 0.7249, 0.733, 0.7255, 0.7223, 0.7278, 0.7227, 0.7273], [0.7224, 0.7248, 0.7274, 0.7256, 0.7254, 0.7288, 0.725, 0.7232, 0.7289, 0.7241, 0.7281, 0.7288, 0.729, 0.7247, 0.7319, 0.7239, 0.7322, 0.7282, 0.7278, 0.723, 0.7236, 0.7258, 0.7231], [0.6552, 0.6563, 0.6531, 0.6506, 0.6615, 0.6587, 0.6591, 0.6613, 0.6527, 0.6462, 0.6598, 0.6547, 0.6682, 0.6725, 0.6647, 0.6565, 0.6439, 0.667, 0.655, 0.6621, 0.652, 0.6506, 0.6634], [0.747, 0.7489, 0.7474, 0.7419, 0.7418, 0.7375, 0.7458, 0.7458, 0.7417, 0.7425, 0.7348, 0.7357, 0.7511, 0.7478, 0.7379, 0.7378, 0.7439, 0.7486, 0.7486, 0.7484, 0.7462, 0.74, 0.7431]]	
Results: 	[[0.7069, 0.7108, 0.7085, 0.7086, 0.7091, 0.7103, 0.7128, 0.7112, 0.7118, 0.7075, 0.7102, 0.7133, 0.7091, 0.7106, 0.7107, 0.7095, 0.7091, 0.7102, 0.7124, 0.7102, 0.7105, 0.7101, 0.7091, 0.7133], [0.7401, 0.7409, 0.7362, 0.743, 0.7492, 0.7415, 0.7446, 0.7419, 0.743, 0.7441, 0.7506, 0.7523, 0.7372, 0.7481, 0.7408, 0.7498, 0.7395, 0.7485, 0.7407, 0.74, 0.7459, 0.7426, 0.7356, 0.7412], [0.7253, 0.7218, 0.7278, 0.7261, 0.7188, 0.7264, 0.7225, 0.717, 0.7238, 0.7237, 0.7271, 0.7304, 0.7208, 0.727, 0.7253, 0.7279, 0.7249, 0.733, 0.7255, 0.7223, 0.7278, 0.7227, 0.7273, 0.7294], [0.7224, 0.7248, 0.7274, 0.7256, 0.7254, 0.7288, 0.725, 0.7232, 0.7289, 0.7241, 0.7281, 0.7288, 0.729, 0.7247, 0.7319, 0.7239, 0.7322, 0.7282, 0.7278, 0.723, 0.7236, 0.7258, 0.7231, 0.7202], [0.6552, 0.6563, 0.6531, 0.6506, 0.6615, 0.6587, 0.6591, 0.6613, 0.6527, 0.6462, 0.6598, 0.6547, 0.6682, 0.6725, 0.6647, 0.6565, 0.6439, 0.667, 0.655, 0.6621, 0.652, 0.6506, 0.6634, 0.6537], [0.747, 0.7489, 0.7474, 0.7419, 0.7418, 0.7375, 0.7458, 0.7458, 0.7417, 0.7425, 0.7348, 0.7357, 0.7511, 0.7478, 0.7379, 0.7378, 0.7439, 0.7486, 0.7486, 0.7484, 0.7462, 0.74, 0.7431, 0.7346]]	
Results: 	[[0.7069, 0.7108, 0.7085, 0.7086, 0.7091, 0.7103, 0.7128, 0.7112, 0.7118, 0.7075, 0.7102, 0.7133, 0.7091, 0.7106, 0.7107, 0.7095, 0.7091, 0.7102, 0.7124, 0.7102, 0.7105, 0.7101, 0.7091, 0.7133, 0.709], [0.7401, 0.7409, 0.7362, 0.743, 0.7492, 0.7415, 0.7446, 0.7419, 0.743, 0.7441, 0.7506, 0.7523, 0.7372, 0.7481, 0.7408, 0.7498, 0.7395, 0.7485, 0.7407, 0.74, 0.7459, 0.7426, 0.7356, 0.7412, 0.7434], [0.7253, 0.7218, 0.7278, 0.7261, 0.7188, 0.7264, 0.7225, 0.717, 0.7238, 0.7237, 0.7271, 0.7304, 0.7208, 0.727, 0.7253, 0.7279, 0.7249, 0.733, 0.7255, 0.7223, 0.7278, 0.7227, 0.7273, 0.7294, 0.7175], [0.7224, 0.7248, 0.7274, 0.7256, 0.7254, 0.7288, 0.725, 0.7232, 0.7289, 0.7241, 0.7281, 0.7288, 0.729, 0.7247, 0.7319, 0.7239, 0.7322, 0.7282, 0.7278, 0.723, 0.7236, 0.7258, 0.7231, 0.7202, 0.7237], [0.6552, 0.6563, 0.6531, 0.6506, 0.6615, 0.6587, 0.6591, 0.6613, 0.6527, 0.6462, 0.6598, 0.6547, 0.6682, 0.6725, 0.6647, 0.6565, 0.6439, 0.667, 0.655, 0.6621, 0.652, 0.6506, 0.6634, 0.6537, 0.6511], [0.747, 0.7489, 0.7474, 0.7419, 0.7418, 0.7375, 0.7458, 0.7458, 0.7417, 0.7425, 0.7348, 0.7357, 0.7511, 0.7478, 0.7379, 0.7378, 0.7439, 0.7486, 0.7486, 0.7484, 0.7462, 0.74, 0.7431, 0.7346, 0.7399]]	
Results: 	[[0.7069, 0.7108, 0.7085, 0.7086, 0.7091, 0.7103, 0.7128, 0.7112, 0.7118, 0.7075, 0.7102, 0.7133, 0.7091, 0.7106, 0.7107, 0.7095, 0.7091, 0.7102, 0.7124, 0.7102, 0.7105, 0.7101, 0.7091, 0.7133, 0.709, 0.708], [0.7401, 0.7409, 0.7362, 0.743, 0.7492, 0.7415, 0.7446, 0.7419, 0.743, 0.7441, 0.7506, 0.7523, 0.7372, 0.7481, 0.7408, 0.7498, 0.7395, 0.7485, 0.7407, 0.74, 0.7459, 0.7426, 0.7356, 0.7412, 0.7434, 0.7405], [0.7253, 0.7218, 0.7278, 0.7261, 0.7188, 0.7264, 0.7225, 0.717, 0.7238, 0.7237, 0.7271, 0.7304, 0.7208, 0.727, 0.7253, 0.7279, 0.7249, 0.733, 0.7255, 0.7223, 0.7278, 0.7227, 0.7273, 0.7294, 0.7175, 0.7274], [0.7224, 0.7248, 0.7274, 0.7256, 0.7254, 0.7288, 0.725, 0.7232, 0.7289, 0.7241, 0.7281, 0.7288, 0.729, 0.7247, 0.7319, 0.7239, 0.7322, 0.7282, 0.7278, 0.723, 0.7236, 0.7258, 0.7231, 0.7202, 0.7237, 0.725], [0.6552, 0.6563, 0.6531, 0.6506, 0.6615, 0.6587, 0.6591, 0.6613, 0.6527, 0.6462, 0.6598, 0.6547, 0.6682, 0.6725, 0.6647, 0.6565, 0.6439, 0.667, 0.655, 0.6621, 0.652, 0.6506, 0.6634, 0.6537, 0.6511, 0.6567], [0.747, 0.7489, 0.7474, 0.7419, 0.7418, 0.7375, 0.7458, 0.7458, 0.7417, 0.7425, 0.7348, 0.7357, 0.7511, 0.7478, 0.7379, 0.7378, 0.7439, 0.7486, 0.7486, 0.7484, 0.7462, 0.74, 0.7431, 0.7346, 0.7399, 0.7463]]	
Results: 	[[0.7069, 0.7108, 0.7085, 0.7086, 0.7091, 0.7103, 0.7128, 0.7112, 0.7118, 0.7075, 0.7102, 0.7133, 0.7091, 0.7106, 0.7107, 0.7095, 0.7091, 0.7102, 0.7124, 0.7102, 0.7105, 0.7101, 0.7091, 0.7133, 0.709, 0.708, 0.708], [0.7401, 0.7409, 0.7362, 0.743, 0.7492, 0.7415, 0.7446, 0.7419, 0.743, 0.7441, 0.7506, 0.7523, 0.7372, 0.7481, 0.7408, 0.7498, 0.7395, 0.7485, 0.7407, 0.74, 0.7459, 0.7426, 0.7356, 0.7412, 0.7434, 0.7405, 0.7423], [0.7253, 0.7218, 0.7278, 0.7261, 0.7188, 0.7264, 0.7225, 0.717, 0.7238, 0.7237, 0.7271, 0.7304, 0.7208, 0.727, 0.7253, 0.7279, 0.7249, 0.733, 0.7255, 0.7223, 0.7278, 0.7227, 0.7273, 0.7294, 0.7175, 0.7274, 0.7258], [0.7224, 0.7248, 0.7274, 0.7256, 0.7254, 0.7288, 0.725, 0.7232, 0.7289, 0.7241, 0.7281, 0.7288, 0.729, 0.7247, 0.7319, 0.7239, 0.7322, 0.7282, 0.7278, 0.723, 0.7236, 0.7258, 0.7231, 0.7202, 0.7237, 0.725, 0.724], [0.6552, 0.6563, 0.6531, 0.6506, 0.6615, 0.6587, 0.6591, 0.6613, 0.6527, 0.6462, 0.6598, 0.6547, 0.6682, 0.6725, 0.6647, 0.6565, 0.6439, 0.667, 0.655, 0.6621, 0.652, 0.6506, 0.6634, 0.6537, 0.6511, 0.6567, 0.6635], [0.747, 0.7489, 0.7474, 0.7419, 0.7418, 0.7375, 0.7458, 0.7458, 0.7417, 0.7425, 0.7348, 0.7357, 0.7511, 0.7478, 0.7379, 0.7378, 0.7439, 0.7486, 0.7486, 0.7484, 0.7462, 0.74, 0.7431, 0.7346, 0.7399, 0.7463, 0.7509]]	
Results: 	[[0.7069, 0.7108, 0.7085, 0.7086, 0.7091, 0.7103, 0.7128, 0.7112, 0.7118, 0.7075, 0.7102, 0.7133, 0.7091, 0.7106, 0.7107, 0.7095, 0.7091, 0.7102, 0.7124, 0.7102, 0.7105, 0.7101, 0.7091, 0.7133, 0.709, 0.708, 0.708, 0.7075], [0.7401, 0.7409, 0.7362, 0.743, 0.7492, 0.7415, 0.7446, 0.7419, 0.743, 0.7441, 0.7506, 0.7523, 0.7372, 0.7481, 0.7408, 0.7498, 0.7395, 0.7485, 0.7407, 0.74, 0.7459, 0.7426, 0.7356, 0.7412, 0.7434, 0.7405, 0.7423, 0.73], [0.7253, 0.7218, 0.7278, 0.7261, 0.7188, 0.7264, 0.7225, 0.717, 0.7238, 0.7237, 0.7271, 0.7304, 0.7208, 0.727, 0.7253, 0.7279, 0.7249, 0.733, 0.7255, 0.7223, 0.7278, 0.7227, 0.7273, 0.7294, 0.7175, 0.7274, 0.7258, 0.7253], [0.7224, 0.7248, 0.7274, 0.7256, 0.7254, 0.7288, 0.725, 0.7232, 0.7289, 0.7241, 0.7281, 0.7288, 0.729, 0.7247, 0.7319, 0.7239, 0.7322, 0.7282, 0.7278, 0.723, 0.7236, 0.7258, 0.7231, 0.7202, 0.7237, 0.725, 0.724, 0.7271], [0.6552, 0.6563, 0.6531, 0.6506, 0.6615, 0.6587, 0.6591, 0.6613, 0.6527, 0.6462, 0.6598, 0.6547, 0.6682, 0.6725, 0.6647, 0.6565, 0.6439, 0.667, 0.655, 0.6621, 0.652, 0.6506, 0.6634, 0.6537, 0.6511, 0.6567, 0.6635, 0.6489], [0.747, 0.7489, 0.7474, 0.7419, 0.7418, 0.7375, 0.7458, 0.7458, 0.7417, 0.7425, 0.7348, 0.7357, 0.7511, 0.7478, 0.7379, 0.7378, 0.7439, 0.7486, 0.7486, 0.7484, 0.7462, 0.74, 0.7431, 0.7346, 0.7399, 0.7463, 0.7509, 0.7486]]	
Results: 	[[0.7069, 0.7108, 0.7085, 0.7086, 0.7091, 0.7103, 0.7128, 0.7112, 0.7118, 0.7075, 0.7102, 0.7133, 0.7091, 0.7106, 0.7107, 0.7095, 0.7091, 0.7102, 0.7124, 0.7102, 0.7105, 0.7101, 0.7091, 0.7133, 0.709, 0.708, 0.708, 0.7075, 0.7118], [0.7401, 0.7409, 0.7362, 0.743, 0.7492, 0.7415, 0.7446, 0.7419, 0.743, 0.7441, 0.7506, 0.7523, 0.7372, 0.7481, 0.7408, 0.7498, 0.7395, 0.7485, 0.7407, 0.74, 0.7459, 0.7426, 0.7356, 0.7412, 0.7434, 0.7405, 0.7423, 0.73, 0.7423], [0.7253, 0.7218, 0.7278, 0.7261, 0.7188, 0.7264, 0.7225, 0.717, 0.7238, 0.7237, 0.7271, 0.7304, 0.7208, 0.727, 0.7253, 0.7279, 0.7249, 0.733, 0.7255, 0.7223, 0.7278, 0.7227, 0.7273, 0.7294, 0.7175, 0.7274, 0.7258, 0.7253, 0.7275], [0.7224, 0.7248, 0.7274, 0.7256, 0.7254, 0.7288, 0.725, 0.7232, 0.7289, 0.7241, 0.7281, 0.7288, 0.729, 0.7247, 0.7319, 0.7239, 0.7322, 0.7282, 0.7278, 0.723, 0.7236, 0.7258, 0.7231, 0.7202, 0.7237, 0.725, 0.724, 0.7271, 0.7237], [0.6552, 0.6563, 0.6531, 0.6506, 0.6615, 0.6587, 0.6591, 0.6613, 0.6527, 0.6462, 0.6598, 0.6547, 0.6682, 0.6725, 0.6647, 0.6565, 0.6439, 0.667, 0.655, 0.6621, 0.652, 0.6506, 0.6634, 0.6537, 0.6511, 0.6567, 0.6635, 0.6489, 0.6479], [0.747, 0.7489, 0.7474, 0.7419, 0.7418, 0.7375, 0.7458, 0.7458, 0.7417, 0.7425, 0.7348, 0.7357, 0.7511, 0.7478, 0.7379, 0.7378, 0.7439, 0.7486, 0.7486, 0.7484, 0.7462, 0.74, 0.7431, 0.7346, 0.7399, 0.7463, 0.7509, 0.7486, 0.7377]]	
Results: 	[[0.7069, 0.7108, 0.7085, 0.7086, 0.7091, 0.7103, 0.7128, 0.7112, 0.7118, 0.7075, 0.7102, 0.7133, 0.7091, 0.7106, 0.7107, 0.7095, 0.7091, 0.7102, 0.7124, 0.7102, 0.7105, 0.7101, 0.7091, 0.7133, 0.709, 0.708, 0.708, 0.7075, 0.7118, 0.7063], [0.7401, 0.7409, 0.7362, 0.743, 0.7492, 0.7415, 0.7446, 0.7419, 0.743, 0.7441, 0.7506, 0.7523, 0.7372, 0.7481, 0.7408, 0.7498, 0.7395, 0.7485, 0.7407, 0.74, 0.7459, 0.7426, 0.7356, 0.7412, 0.7434, 0.7405, 0.7423, 0.73, 0.7423, 0.738], [0.7253, 0.7218, 0.7278, 0.7261, 0.7188, 0.7264, 0.7225, 0.717, 0.7238, 0.7237, 0.7271, 0.7304, 0.7208, 0.727, 0.7253, 0.7279, 0.7249, 0.733, 0.7255, 0.7223, 0.7278, 0.7227, 0.7273, 0.7294, 0.7175, 0.7274, 0.7258, 0.7253, 0.7275, 0.7194], [0.7224, 0.7248, 0.7274, 0.7256, 0.7254, 0.7288, 0.725, 0.7232, 0.7289, 0.7241, 0.7281, 0.7288, 0.729, 0.7247, 0.7319, 0.7239, 0.7322, 0.7282, 0.7278, 0.723, 0.7236, 0.7258, 0.7231, 0.7202, 0.7237, 0.725, 0.724, 0.7271, 0.7237, 0.7212], [0.6552, 0.6563, 0.6531, 0.6506, 0.6615, 0.6587, 0.6591, 0.6613, 0.6527, 0.6462, 0.6598, 0.6547, 0.6682, 0.6725, 0.6647, 0.6565, 0.6439, 0.667, 0.655, 0.6621, 0.652, 0.6506, 0.6634, 0.6537, 0.6511, 0.6567, 0.6635, 0.6489, 0.6479, 0.6456], [0.747, 0.7489, 0.7474, 0.7419, 0.7418, 0.7375, 0.7458, 0.7458, 0.7417, 0.7425, 0.7348, 0.7357, 0.7511, 0.7478, 0.7379, 0.7378, 0.7439, 0.7486, 0.7486, 0.7484, 0.7462, 0.74, 0.7431, 0.7346, 0.7399, 0.7463, 0.7509, 0.7486, 0.7377, 0.734]]
30 Support Sets: (Mean:0.70988, SD:0.0018319765094112215) | 	30 Support Sets: (Mean:0.74246, SD:0.004827050216550837) | 	30 Support Sets: (Mean:0.7249166666666667, SD:0.0037432314394377753) | 	30 Support Sets: (Mean:0.7256866666666667, SD:0.0029243016653356865) | 	30 Support Sets: (Mean:0.6564166666666666, SD:0.007056866713782539) | 	30 Support Sets: (Mean:0.7432066666666667, SD:0.005211058091864029) | 	
	
